dihedral 18 17 19 21 200 -3.5985312461853027
dihedral 42 41 43 45 200 3.0386226177215576
dihedral 61 60 62 64 200 -14.488923072814941
dihedral 80 79 81 83 200 -16.67600440979004
dihedral 99 98 100 102 200 7.062550067901611
dihedral 118 117 119 121 200 -0.6691235303878784
dihedral 125 124 126 128 200 -7.2558441162109375
dihedral 135 134 136 140 200 -7.788697719573975
dihedral 149 148 150 152 200 -7.580079078674316
dihedral 156 155 157 159 200 9.285059928894043
dihedral 166 165 167 169 200 -6.749029636383057
dihedral 173 172 174 176 200 10.364270210266113
dihedral 195 194 196 198 200 8.716365814208984
dihedral 202 201 203 205 200 0.7340265512466431
dihedral 216 215 217 219 200 1.6132651567459106
dihedral 233 232 234 236 200 -3.7810752391815186
dihedral 243 242 244 246 200 -3.8144309520721436
dihedral 260 259 261 263 200 1.5756386518478394
dihedral 280 279 281 283 200 -0.5274670124053955
dihedral 299 298 300 302 200 1.5673657655715942
dihedral 316 315 317 319 200 7.344799518585205
dihedral 331 330 332 334 200 6.490840911865234
dihedral 353 352 354 356 200 -1.0061472654342651
dihedral 374 373 375 377 200 -5.438516616821289
dihedral 381 380 382 384 200 -6.347820281982422
dihedral 400 399 401 405 200 -2.2226758003234863
dihedral 414 413 415 417 200 -5.621139049530029
dihedral 431 430 432 434 200 -5.540828704833984
dihedral 450 449 451 453 200 -1.554377794265747
dihedral 461 460 462 464 200 4.564388275146484
dihedral 475 474 476 478 200 -4.924544811248779
dihedral 482 481 483 485 200 7.220675945281982
dihedral 494 493 495 497 200 0.6437901854515076
dihedral 511 510 512 514 200 2.1765551567077637
dihedral 530 529 531 533 200 -4.033941268920898
dihedral 554 553 555 557 200 1.3785107135772705
dihedral 564 563 565 567 200 0.8470755219459534
dihedral 574 573 575 577 200 3.8807952404022217
dihedral 590 589 591 593 200 6.3692426681518555
dihedral 612 611 613 615 200 -6.347668647766113
dihedral 623 622 624 626 200 6.214620590209961
dihedral 630 629 631 633 200 -4.4019646644592285
dihedral 641 640 642 644 200 -0.32259678840637207
dihedral 656 655 657 659 200 -6.889880180358887
dihedral 675 674 676 678 200 -13.515519142150879
dihedral 682 681 683 685 200 0.9207947850227356
dihedral 704 703 705 707 200 7.34083366394043
dihedral 721 720 722 724 200 1.8600916862487793
dihedral 731 730 732 734 200 15.508612632751465
dihedral 753 752 754 756 200 5.570338726043701
dihedral 765 764 766 768 200 -3.0007524490356445
dihedral 784 783 785 787 200 4.752205848693848
dihedral 801 800 802 804 200 -0.19145682454109192
dihedral 813 812 814 816 200 -3.9688620567321777
dihedral 823 822 824 826 200 2.469097375869751
dihedral 830 829 831 833 200 5.053110122680664
dihedral 852 851 853 855 200 3.1097991466522217
dihedral 871 870 872 874 200 -14.711893081665039
dihedral 887 886 888 890 200 8.64598560333252
dihedral 901 900 902 904 200 5.873524188995361
dihedral 913 912 914 916 200 5.376413345336914
dihedral 928 927 929 931 200 6.4521307945251465
dihedral 947 946 948 950 200 6.701022148132324
dihedral 963 962 964 966 200 0.7538172006607056
dihedral 982 981 983 985 200 1.0540283918380737
dihedral 992 991 993 995 200 -2.372392416000366
dihedral 1011 1010 1012 1014 200 -1.0680073499679565
dihedral 1027 1026 1028 1030 200 -1.8736706972122192
dihedral 1049 1048 1050 1052 200 3.5613954067230225
dihedral 1064 1063 1065 1067 200 9.592940330505371
dihedral 1088 1087 1089 1091 200 6.2576093673706055
dihedral 1107 1106 1108 1110 200 4.128354072570801
dihedral 1117 1116 1118 1120 200 -3.434777021408081
dihedral 1134 1133 1135 1137 200 14.237530708312988
dihedral 1149 1148 1150 1152 200 -1.5931042432785034
dihedral 1161 1160 1162 1164 200 4.5950541496276855
dihedral 1172 1171 1173 1175 200 2.1530911922454834
dihedral 1196 1195 1197 1199 200 -3.764406204223633
dihedral 1210 1209 1211 1213 200 0.5406567454338074
dihedral 1217 1216 1218 1220 200 2.6264541149139404
dihedral 1237 1236 1238 1240 200 1.8769780397415161
dihedral 1256 1255 1257 1259 200 -3.5061728954315186
dihedral 1275 1274 1276 1278 200 -1.655287742614746
dihedral 1287 1286 1288 1290 200 -3.0052199363708496
dihedral 1294 1293 1295 1297 200 6.357043743133545
dihedral 1314 1313 1315 1319 200 169.01438903808594
dihedral 1328 1327 1329 1331 200 4.210407257080078
dihedral 1352 1351 1353 1355 200 -6.524247646331787
dihedral 1366 1365 1367 1369 200 -2.345120668411255
dihedral 1385 1384 1386 1390 200 -7.362051486968994
dihedral 1399 1398 1400 1402 200 -2.065345525741577
dihedral 1416 1415 1417 1419 200 1.9778189659118652
dihedral 1426 1425 1427 1429 200 -6.034213542938232
dihedral 1438 1437 1439 1441 200 3.1193289756774902
dihedral 1448 1447 1449 1451 200 -5.601569175720215
dihedral 1465 1464 1466 1468 200 0.7656871676445007
dihedral 1487 1486 1488 1490 200 -0.05691933259367943
dihedral 1502 1501 1503 1505 200 0.5099881887435913
dihedral 1512 1511 1513 1515 200 -0.346769243478775
dihedral 1519 1518 1520 1522 200 -4.19744873046875
dihedral 1538 1537 1539 1541 200 -4.985122203826904
dihedral 1552 1551 1553 1555 200 -1.549569010734558
dihedral 1568 1567 1569 1571 200 -0.8139439225196838
dihedral 1580 1579 1581 1583 200 8.509209632873535
dihedral 1601 1600 1602 1604 200 -14.6293363571167
dihedral 1617 1616 1618 1620 200 -3.426095724105835
dihedral 1636 1635 1637 1639 200 -3.82576322555542
dihedral 1651 1650 1652 1654 200 -7.743654727935791
dihedral 1671 1670 1672 1674 200 0.03245242312550545
dihedral 1683 1682 1684 1686 200 1.1926677227020264
dihedral 1699 1698 1700 1704 200 -9.85109806060791
dihedral 1713 1712 1714 1716 200 -3.366957187652588
dihedral 1725 1724 1726 1728 200 7.6097331047058105
dihedral 1740 1739 1741 1743 200 -2.846733570098877
dihedral 1759 1758 1760 1762 200 15.506348609924316
dihedral 1778 1777 1779 1781 200 5.879725933074951
dihedral 1794 1793 1795 1797 200 2.916450262069702
dihedral 1806 1805 1807 1809 200 -7.604394435882568
dihedral 1830 1829 1831 1833 200 12.842815399169922
dihedral 1849 1848 1850 1852 200 9.828909873962402
dihedral 1865 1864 1866 1868 200 -5.816747188568115
dihedral 1872 1871 1873 1875 200 -0.1404561549425125
dihedral 1896 1895 1897 1899 200 -2.0546014308929443
dihedral 1920 1919 1921 1923 200 2.6997833251953125
dihedral 1936 1935 1937 1939 200 -21.21148681640625
dihedral 1953 1952 1954 1956 200 14.26821517944336
dihedral 1963 1962 1964 1968 200 5.923532009124756
dihedral 1977 1976 1978 1980 200 8.191779136657715
dihedral 1988 1987 1989 1991 200 0.24814678728580475
dihedral 1995 1994 1996 1998 200 -3.0955893993377686
dihedral 2019 2018 2020 2022 200 3.0387930870056152
dihedral 2035 2034 2036 2038 200 3.1206183433532715
dihedral 2056 2055 2057 2059 200 -1.8135652542114258
dihedral 2073 2072 2074 2076 200 9.240615844726562
dihedral 2089 2088 2090 2092 200 -5.510980129241943
dihedral 2111 2110 2112 2114 200 19.921192169189453
dihedral 2131 2130 2132 2134 200 2.6294422149658203
dihedral 2145 2144 2146 2150 200 7.371719837188721
dihedral 2159 2158 2160 2164 200 -12.10191822052002
dihedral 2173 2172 2174 2176 200 2.903008460998535
dihedral 2195 2194 2196 2198 200 -3.4129374027252197
dihedral 2211 2210 2212 2214 200 0.7006230354309082
dihedral 2226 2225 2227 2229 200 -7.585130214691162
dihedral 2233 2232 2234 2236 200 8.627845764160156
dihedral 2255 2254 2256 2258 200 -1.938934087753296
dihedral 2267 2266 2268 2270 200 2.843651533126831
dihedral 2279 2278 2280 2282 200 4.6365156173706055
dihedral 2295 2294 2296 2298 200 8.427587509155273
dihedral 2309 2308 2310 2312 200 -2.878222942352295
dihedral 2316 2315 2317 2319 200 -1.5688061714172363
dihedral 2331 2330 2332 2334 200 5.01846170425415
dihedral 2346 2345 2347 2349 200 -8.180095672607422
dihedral 2365 2364 2366 2368 200 -0.1491556614637375
dihedral 2379 2378 2380 2382 200 -8.026000022888184
dihedral 2393 2392 2394 2396 200 -11.339247703552246
dihedral 2417 2416 2418 2420 200 3.398913860321045
dihedral 2439 2438 2440 2442 200 0.18405792117118835
dihedral 2451 2450 2452 2454 200 -5.148224830627441
dihedral 2463 2462 2464 2466 200 -21.750120162963867
dihedral 2480 2479 2481 2483 200 3.1318435668945312
dihedral 2495 2494 2496 2498 200 8.466686248779297
dihedral 2510 2509 2511 2513 200 -1.9669207334518433
dihedral 2524 2523 2525 2527 200 -0.9434120059013367
dihedral 2540 2539 2541 2543 200 -3.7963755130767822
dihedral 2564 2563 2565 2567 200 1.671004056930542
dihedral 2586 2585 2587 2589 200 3.599013566970825
dihedral 2610 2609 2611 2613 200 -1.7642158269882202
dihedral 2629 2628 2630 2632 200 -11.564590454101562
dihedral 2645 2644 2646 2648 200 1.784698724746704
dihedral 2660 2659 2661 2663 200 -4.819161415100098
dihedral 2681 2680 2682 2684 200 4.128543376922607
dihedral 2698 2697 2699 2701 200 7.369709014892578
dihedral 2715 2714 2716 2718 200 16.911123275756836
dihedral 2732 2731 2733 2735 200 11.659439086914062
dihedral 2746 2745 2747 2749 200 1.1020334959030151
dihedral 2756 2755 2757 2761 200 -0.6531373858451843
dihedral 2770 2769 2771 2773 200 -4.459129810333252
dihedral 2789 2788 2790 2792 200 1.049837589263916
dihedral 2808 2807 2809 2811 200 3.0413143634796143
dihedral 2815 2814 2816 2818 200 -1.765592098236084
dihedral 2836 2835 2837 2839 200 5.121285915374756
dihedral 2857 2856 2858 2860 200 -9.782316207885742
dihedral 2868 2867 2869 2871 200 -6.8338847160339355
dihedral 2890 2889 2891 2893 200 -8.027188301086426
dihedral 2905 2904 2906 2908 200 1.4601545333862305
dihedral 2915 2914 2916 2918 200 -0.6408262252807617
dihedral 2930 2929 2931 2933 200 -0.4155562222003937
dihedral 2940 2939 2941 2943 200 3.398552656173706
dihedral 2947 2946 2948 2950 200 7.082943439483643
dihedral 2961 2960 2962 2964 200 1.2535666227340698
dihedral 2975 2974 2976 2978 200 -9.864837646484375
dihedral 2997 2996 2998 3000 200 0.9459819793701172
dihedral 3018 3017 3019 3021 200 -9.158568382263184
dihedral 3028 3027 3029 3031 200 -10.501666069030762
dihedral 3050 3049 3051 3053 200 -10.306197166442871
dihedral 3066 3065 3067 3069 200 -3.2474172115325928
dihedral 3078 3077 3079 3081 200 6.3417158126831055
dihedral 3085 3084 3086 3088 200 -6.492093086242676
dihedral 3099 3098 3100 3102 200 7.862889289855957
dihedral 3121 3120 3122 3126 200 -11.692961692810059
dihedral 3135 3134 3136 3138 200 -1.282841444015503
dihedral 3151 3150 3152 3154 200 8.871493339538574
dihedral 3161 3160 3162 3164 200 -0.5824567675590515
dihedral 3176 3175 3177 3179 200 -4.132437705993652
dihedral 3192 3191 3193 3195 200 3.5809502601623535
dihedral 3216 3215 3217 3219 200 -1.0050233602523804
dihedral 3226 3225 3227 3229 200 -2.7104744911193848
dihedral 3238 3237 3239 3241 200 0.2502317428588867
dihedral 3257 3256 3258 3260 200 -4.425831317901611
dihedral 3272 3271 3273 3275 200 2.4732253551483154
dihedral 3294 3293 3295 3297 200 -0.6778055429458618
dihedral 3313 3312 3314 3316 200 11.201773643493652
dihedral 3332 3331 3333 3335 200 -3.2047812938690186
