bond 2566 2510 20.0 2.2231087684631348
angle 2565 2566 2510 20.0 156.89747619628906
bond 2542 2495 20.0 2.144904136657715
angle 2541 2542 2495 20.0 155.57080078125
bond 803 753 20.0 2.3540232181549072
angle 802 803 753 20.0 156.80714416503906
bond 592 554 20.0 1.9263123273849487
angle 591 592 554 20.0 155.033935546875
bond 2612 2540 20.0 1.9428868293762207
angle 2611 2612 2540 20.0 151.9754180908203
bond 2631 2564 20.0 2.216348171234131
angle 2630 2631 2564 20.0 165.85064697265625
bond 2588 2524 20.0 1.992591142654419
angle 2587 2588 2524 20.0 157.572998046875
bond 1808 1759 20.0 2.4009530544281006
angle 1807 1808 1759 20.0 162.30548095703125
bond 786 731 20.0 2.031435489654541
angle 785 786 731 20.0 167.51405334472656
bond 1874 1849 20.0 2.138902425765991
angle 1873 1874 1849 20.0 166.6477508544922
bond 1832 1778 20.0 2.0451302528381348
angle 1831 1832 1778 20.0 162.83038330078125
bond 733 704 20.0 2.318624258041382
angle 732 733 704 20.0 172.2203826904297
bond 576 530 20.0 2.020967960357666
angle 575 576 530 20.0 159.00877380371094
bond 1898 2056 20.0 2.10139799118042
angle 1897 1898 2056 20.0 168.3573455810547
bond 2037 1920 20.0 1.8327100276947021
angle 2036 2037 1920 20.0 161.83477783203125
bond 614 564 20.0 1.8670790195465088
angle 613 614 564 20.0 158.9292755126953
bond 1938 2019 20.0 1.887837529182434
angle 1937 1938 2019 20.0 165.15696716308594
bond 1761 1725 20.0 2.2161448001861572
angle 1760 1761 1725 20.0 177.53277587890625
bond 2647 2586 20.0 2.2208268642425537
angle 2646 2647 2586 20.0 158.53497314453125
bond 532 482 20.0 1.9724936485290527
angle 531 532 482 20.0 171.8875274658203
bond 556 494 20.0 2.0429201126098633
angle 555 556 494 20.0 165.66629028320313
bond 566 511 20.0 1.979322910308838
angle 565 566 511 20.0 166.14938354492188
bond 2683 2629 20.0 2.1054136753082275
angle 2682 2683 2629 20.0 150.23318481445313
bond 2700 2645 20.0 1.9973925352096558
angle 2699 2700 2645 20.0 154.19906616210938
bond 2662 2610 20.0 1.9976669549942017
angle 2661 2662 2610 20.0 156.86102294921875
bond 2717 2660 20.0 2.038322687149048
angle 2716 2717 2660 20.0 149.98553466796875
bond 513 475 20.0 1.947883129119873
angle 512 513 475 20.0 155.83370971679688
bond 496 461 20.0 1.843970775604248
angle 495 496 461 20.0 169.01902770996094
bond 2748 2681 20.0 1.8607624769210815
angle 2747 2748 2681 20.0 162.88555908203125
bond 2734 2681 20.0 2.0416643619537354
angle 2733 2734 2681 20.0 154.89402770996094
bond 965 913 20.0 1.8559191226959229
angle 964 965 913 20.0 168.0186767578125
bond 984 928 20.0 2.3681719303131104
angle 983 984 928 20.0 156.67471313476563
bond 994 947 20.0 2.20780086517334
angle 993 994 947 20.0 159.45510864257813
bond 245 202 20.0 2.3600478172302246
angle 244 245 202 20.0 152.15887451171875
bond 2772 2746 20.0 1.8397341966629028
angle 2771 2772 2746 20.0 164.13243103027344
bond 1673 3066 20.0 2.0419721603393555
angle 1672 1673 3066 20.0 166.03697204589844
bond 1013 963 20.0 2.1569817066192627
angle 1012 1013 963 20.0 161.7454833984375
bond 1029 982 20.0 2.0144948959350586
angle 1028 1029 982 20.0 164.0994415283203
bond 235 195 20.0 1.9517593383789063
angle 234 235 195 20.0 148.44427490234375
bond 1277 450 20.0 2.089510917663574
angle 1276 1277 450 20.0 170.0441436767578
bond 1066 1011 20.0 2.147491931915283
angle 1065 1066 1011 20.0 149.65821838378906
bond 1051 992 20.0 2.2219045162200928
angle 1050 1051 992 20.0 161.41949462890625
bond 3194 3151 20.0 1.9116946458816528
angle 3193 3194 3151 20.0 159.39590454101563
bond 282 233 20.0 2.042417049407959
angle 281 282 233 20.0 157.9421844482422
bond 433 1256 20.0 1.8278261423110962
angle 432 433 1256 20.0 176.49160766601563
bond 301 243 20.0 1.9630359411239624
angle 300 301 243 20.0 165.83811950683594
bond 318 260 20.0 2.120016098022461
angle 317 318 260 20.0 156.9296417236328
bond 2791 2756 20.0 2.093474864959717
angle 2790 2791 2756 20.0 165.83792114257813
bond 1428 1385 20.0 1.852110505104065
angle 1427 1428 1385 20.0 164.99391174316406
bond 1440 1399 20.0 1.9879636764526367
angle 1439 1440 1399 20.0 158.8673095703125
bond 1653 118 20.0 1.9162062406539917
angle 1652 1653 118 20.0 162.42893981933594
bond 3052 1651 20.0 1.8444327116012573
angle 3051 3052 1651 20.0 158.0679473876953
bond 1450 1416 20.0 2.367642402648926
angle 1449 1450 1416 20.0 155.251220703125
bond 101 1636 20.0 1.7887203693389893
angle 100 101 1636 20.0 161.9911346435547
bond 82 1275 20.0 2.0326051712036133
angle 81 82 1275 20.0 168.76075744628906
bond 1258 61 20.0 1.8186064958572388
angle 1257 1258 61 20.0 166.11708068847656
bond 1090 1027 20.0 1.9683138132095337
angle 1089 1090 1027 20.0 162.25833129882813
bond 3218 3161 20.0 1.994594693183899
angle 3217 3218 3161 20.0 157.4156036376953
bond 3228 3176 20.0 2.1974387168884277
angle 3227 3228 3176 20.0 145.7392120361328
bond 3240 3192 20.0 2.1850686073303223
angle 3239 3240 3192 20.0 166.45274353027344
bond 333 280 20.0 2.0001320838928223
angle 332 333 280 20.0 159.70079040527344
bond 355 299 20.0 1.913156270980835
angle 354 355 299 20.0 145.9965362548828
bond 2817 2770 20.0 2.194146156311035
angle 2816 2817 2770 20.0 165.47219848632813
bond 2859 2808 20.0 2.0783627033233643
angle 2858 2859 2808 20.0 148.84677124023438
bond 2838 2789 20.0 2.069972038269043
angle 2837 2838 2789 20.0 174.77639770507813
bond 1467 1426 20.0 2.192061185836792
angle 1466 1467 1426 20.0 154.68482971191406
bond 1638 3028 20.0 1.9623069763183594
angle 1637 1638 3028 20.0 159.73464965820313
bond 1619 80 20.0 1.975874423980713
angle 1618 1619 80 20.0 159.15365600585938
bond 63 1601 20.0 1.992918848991394
angle 62 63 1601 20.0 153.25779724121094
bond 44 1237 20.0 2.17985463142395
angle 43 44 1237 20.0 150.27894592285156
bond 3274 3226 20.0 2.3133604526519775
angle 3273 3274 3226 20.0 158.35983276367188
bond 3259 3216 20.0 2.2396018505096436
angle 3258 3259 3216 20.0 147.244384765625
bond 2870 2815 20.0 1.9271613359451294
angle 2869 2870 2815 20.0 173.1053924560547
bond 1489 1438 20.0 1.9544373750686646
angle 1488 1489 1438 20.0 148.9803466796875
bond 3020 1617 20.0 1.9921131134033203
angle 3019 3020 1617 20.0 151.1564483642578
bond 1603 2997 20.0 1.9396824836730957
angle 1602 1603 2997 20.0 156.5772705078125
bond 1582 42 20.0 2.344871997833252
angle 1581 1582 42 20.0 148.2223358154297
bond 3315 3257 20.0 2.13932728767395
angle 3314 3315 3257 20.0 148.78146362304688
bond 2917 2868 20.0 2.088031530380249
angle 2916 2917 2868 20.0 156.29833984375
bond 2932 2890 20.0 2.346856117248535
angle 2931 2932 2890 20.0 145.3028564453125
dihedral 17 19 21 41 200 -118.23750305175781
dihedral 19 21 41 43 200 127.34453582763672
dihedral 1579 1581 1583 1600 200 -138.81654357910156
dihedral 1581 1583 1600 1602 200 138.79335021972656
dihedral 1600 1602 1604 1616 200 -116.11241149902344
dihedral 1602 1604 1616 1618 200 127.6693115234375
dihedral 1616 1618 1620 1635 200 -119.09871673583984
dihedral 1618 1620 1635 1637 200 123.59086608886719
dihedral 1635 1637 1639 1650 200 -101.10942840576172
dihedral 1637 1639 1650 1652 200 128.6269073486328
dihedral 1650 1652 1654 1670 200 -101.87792205810547
dihedral 1652 1654 1670 1672 200 106.55402374267578
dihedral 1670 1672 1674 1682 200 -93.05211639404297
dihedral 1672 1674 1682 1684 200 126.54566192626953
dihedral 1712 1714 1716 1724 200 -51.10334014892578
dihedral 1714 1716 1724 1726 200 -34.84673309326172
dihedral 1724 1726 1728 1739 200 -67.8642578125
dihedral 1726 1728 1739 1741 200 -19.354721069335938
dihedral 1739 1741 1743 1758 200 -87.0568618774414
dihedral 1741 1743 1758 1760 200 -11.865159034729004
dihedral 1758 1760 1762 1777 200 -72.39629364013672
dihedral 1760 1762 1777 1779 200 -46.60964584350586
dihedral 1777 1779 1781 1793 200 -60.049556732177734
dihedral 1779 1781 1793 1795 200 -42.05353927612305
dihedral 1793 1795 1797 1805 200 -69.95819854736328
dihedral 1795 1797 1805 1807 200 -29.757789611816406
dihedral 1805 1807 1809 1829 200 -60.00953674316406
dihedral 1807 1809 1829 1831 200 -51.23591613769531
dihedral 1829 1831 1833 1848 200 -70.80781555175781
dihedral 1831 1833 1848 1850 200 -24.305522918701172
dihedral 172 174 176 194 200 -69.97437286376953
dihedral 174 176 194 196 200 -52.16325378417969
dihedral 1848 1850 1852 1864 200 -76.50875854492188
dihedral 1850 1852 1864 1866 200 -23.098894119262695
dihedral 1864 1866 1868 1871 200 -89.90116119384766
dihedral 1866 1868 1871 1873 200 2.5025594234466553
dihedral 1871 1873 1875 1895 200 -76.94424438476563
dihedral 1873 1875 1895 1897 200 138.4713134765625
dihedral 1895 1897 1899 1919 200 -137.5193634033203
dihedral 1897 1899 1919 1921 200 139.20046997070313
dihedral 1919 1921 1923 1935 200 -128.92076110839844
dihedral 1921 1923 1935 1937 200 152.84976196289063
dihedral 1935 1937 1939 1952 200 -97.7770004272461
dihedral 1937 1939 1952 1954 200 100.66824340820313
dihedral 1952 1954 1956 1962 200 -62.256080627441406
dihedral 1954 1956 1962 1964 200 -40.06714630126953
dihedral 1962 1964 1968 1976 200 -58.613746643066406
dihedral 1964 1968 1976 1978 200 -33.649539947509766
dihedral 1976 1978 1980 1987 200 -106.99961853027344
dihedral 1978 1980 1987 1989 200 -16.006187438964844
dihedral 194 196 198 201 200 -60.17957305908203
dihedral 196 198 201 203 200 -39.73269271850586
dihedral 1994 1996 1998 2018 200 -70.4572525024414
dihedral 1996 1998 2018 2020 200 142.70321655273438
dihedral 2018 2020 2022 2034 200 -124.50244903564453
dihedral 2020 2022 2034 2036 200 141.10304260253906
dihedral 2034 2036 2038 2055 200 -129.93434143066406
dihedral 2036 2038 2055 2057 200 168.44517517089844
dihedral 2055 2057 2059 2072 200 -135.55557250976563
dihedral 2057 2059 2072 2074 200 129.7914581298828
dihedral 201 203 205 215 200 -61.69561004638672
dihedral 203 205 215 217 200 -47.54084777832031
dihedral 215 217 219 232 200 -72.88888549804688
dihedral 217 219 232 234 200 -26.517345428466797
dihedral 232 234 236 242 200 -61.553897857666016
dihedral 234 236 242 244 200 -42.373783111572266
dihedral 2479 2481 2483 2494 200 -43.151859283447266
dihedral 2481 2483 2494 2496 200 -47.43018341064453
dihedral 2494 2496 2498 2509 200 -75.29315948486328
dihedral 2496 2498 2509 2511 200 -33.19933319091797
dihedral 2509 2511 2513 2523 200 -70.16979217529297
dihedral 2511 2513 2523 2525 200 -36.46047592163086
dihedral 2523 2525 2527 2539 200 -61.56930160522461
dihedral 2525 2527 2539 2541 200 -42.370933532714844
dihedral 2539 2541 2543 2563 200 -59.9056282043457
dihedral 2541 2543 2563 2565 200 -40.91108322143555
dihedral 2563 2565 2567 2585 200 -64.28251647949219
dihedral 2565 2567 2585 2587 200 -45.47611999511719
dihedral 2585 2587 2589 2609 200 -61.119380950927734
dihedral 2587 2589 2609 2611 200 -37.542320251464844
dihedral 2609 2611 2613 2628 200 -61.64508819580078
dihedral 2611 2613 2628 2630 200 -42.53101348876953
dihedral 2628 2630 2632 2644 200 -59.76934814453125
dihedral 2630 2632 2644 2646 200 -44.18728256225586
dihedral 2644 2646 2648 2659 200 -69.10250091552734
dihedral 2646 2648 2659 2661 200 -36.29454803466797
dihedral 242 244 246 259 200 -58.56942367553711
dihedral 244 246 259 261 200 -39.590763092041016
dihedral 2659 2661 2663 2680 200 -59.32761001586914
dihedral 2661 2663 2680 2682 200 -49.38529586791992
dihedral 2680 2682 2684 2697 200 -69.35572814941406
dihedral 2682 2684 2697 2699 200 -33.40540313720703
dihedral 2697 2699 2701 2714 200 -73.28038787841797
dihedral 2699 2701 2714 2716 200 -42.76539611816406
dihedral 2714 2716 2718 2731 200 -112.95245361328125
dihedral 2716 2718 2731 2733 200 -31.024185180664063
dihedral 2731 2733 2735 2745 200 -105.18948364257813
dihedral 2733 2735 2745 2747 200 -39.70901870727539
dihedral 2745 2747 2749 2755 200 -49.1417121887207
dihedral 2747 2749 2755 2757 200 -31.398141860961914
dihedral 2755 2757 2761 2769 200 -61.82792663574219
dihedral 2757 2761 2769 2771 200 -20.804418563842773
dihedral 2769 2771 2773 2788 200 -65.88585662841797
dihedral 2771 2773 2788 2790 200 -20.312959671020508
dihedral 2788 2790 2792 2807 200 -64.24368286132813
dihedral 2790 2792 2807 2809 200 -45.50727844238281
dihedral 2807 2809 2811 2814 200 -70.5858383178711
dihedral 2809 2811 2814 2816 200 -39.10356903076172
dihedral 259 261 263 279 200 -67.69395446777344
dihedral 261 263 279 281 200 -45.25218963623047
dihedral 2814 2816 2818 2835 200 -50.61033248901367
dihedral 2816 2818 2835 2837 200 -59.20918273925781
dihedral 2835 2837 2839 2856 200 -78.21305084228516
dihedral 2837 2839 2856 2858 200 -24.9997501373291
dihedral 2856 2858 2860 2867 200 -66.1629409790039
dihedral 2858 2860 2867 2869 200 -43.967098236083984
dihedral 2867 2869 2871 2889 200 -56.718040466308594
dihedral 2869 2871 2889 2891 200 -39.004974365234375
dihedral 2889 2891 2893 2904 200 -61.321014404296875
dihedral 2891 2893 2904 2906 200 -41.242496490478516
dihedral 2904 2906 2908 2914 200 -68.98090362548828
dihedral 2906 2908 2914 2916 200 -35.41114807128906
dihedral 2914 2916 2918 2929 200 -60.011375427246094
dihedral 2916 2918 2929 2931 200 -36.42504119873047
dihedral 2929 2931 2933 2939 200 -80.3530502319336
dihedral 2931 2933 2939 2941 200 -1.5958738327026367
dihedral 279 281 283 298 200 -63.426395416259766
dihedral 281 283 298 300 200 -41.06183624267578
dihedral 2974 2976 2978 2996 200 -101.63191986083984
dihedral 2976 2978 2996 2998 200 143.2449493408203
dihedral 2996 2998 3000 3017 200 -122.97859191894531
dihedral 2998 3000 3017 3019 200 130.63629150390625
dihedral 3017 3019 3021 3027 200 -136.06642150878906
dihedral 3019 3021 3027 3029 200 132.15252685546875
dihedral 3027 3029 3031 3049 200 -97.21636962890625
dihedral 3029 3031 3049 3051 200 134.45272827148438
dihedral 3049 3051 3053 3065 200 -124.08319854736328
dihedral 3051 3053 3065 3067 200 149.36476135253906
dihedral 3065 3067 3069 3077 200 -79.27058410644531
dihedral 3067 3069 3077 3079 200 99.24274444580078
dihedral 41 43 45 60 200 -131.3740234375
dihedral 43 45 60 62 200 133.15660095214844
dihedral 298 300 302 315 200 -60.78205871582031
dihedral 300 302 315 317 200 -47.23198318481445
dihedral 3134 3136 3138 3150 200 -44.39140701293945
dihedral 3136 3138 3150 3152 200 -56.80406188964844
dihedral 3150 3152 3154 3160 200 -60.444149017333984
dihedral 3152 3154 3160 3162 200 -32.77981948852539
dihedral 3160 3162 3164 3175 200 -71.16053771972656
dihedral 3162 3164 3175 3177 200 -41.25460433959961
dihedral 3175 3177 3179 3191 200 -61.520362854003906
dihedral 3177 3179 3191 3193 200 -42.18244934082031
dihedral 3191 3193 3195 3215 200 -59.30379867553711
dihedral 3193 3195 3215 3217 200 -43.3297119140625
dihedral 3215 3217 3219 3225 200 -63.60736846923828
dihedral 3217 3219 3225 3227 200 -34.89859390258789
dihedral 3225 3227 3229 3237 200 -66.71106719970703
dihedral 3227 3229 3237 3239 200 -38.571834564208984
dihedral 3237 3239 3241 3256 200 -62.98478698730469
dihedral 3239 3241 3256 3258 200 -43.28182601928711
dihedral 3256 3258 3260 3271 200 -61.22850036621094
dihedral 3258 3260 3271 3273 200 -37.26808166503906
dihedral 315 317 319 330 200 -72.09233856201172
dihedral 317 319 330 332 200 -33.87774658203125
dihedral 3271 3273 3275 3293 200 -58.40430450439453
dihedral 3273 3275 3293 3295 200 -38.1937370300293
dihedral 3293 3295 3297 3312 200 -74.66394805908203
dihedral 3295 3297 3312 3314 200 -40.142765045166016
dihedral 3312 3314 3316 3331 200 -99.64895629882813
dihedral 3314 3316 3331 3333 200 -18.549942016601563
dihedral 330 332 334 352 200 -82.89875030517578
dihedral 332 334 352 354 200 -28.341981887817383
dihedral 352 354 356 373 200 -117.76717376708984
dihedral 354 356 373 375 200 5.344328880310059
dihedral 413 415 417 430 200 -88.33842468261719
dihedral 415 417 430 432 200 120.94722747802734
dihedral 430 432 434 449 200 -106.19290924072266
dihedral 432 434 449 451 200 99.38072967529297
dihedral 449 451 453 460 200 -111.84925079345703
dihedral 451 453 460 462 200 117.08430480957031
dihedral 60 62 64 79 200 -102.32382202148438
dihedral 62 64 79 81 200 132.89694213867188
dihedral 460 462 464 474 200 -69.6609878540039
dihedral 462 464 474 476 200 -35.62687683105469
dihedral 474 476 478 481 200 -58.569786071777344
dihedral 476 478 481 483 200 -41.626373291015625
dihedral 481 483 485 493 200 -68.58838653564453
dihedral 483 485 493 495 200 -47.74491500854492
dihedral 493 495 497 510 200 -58.87762451171875
dihedral 495 497 510 512 200 -39.2324104309082
dihedral 510 512 514 529 200 -74.45390319824219
dihedral 512 514 529 531 200 -41.040401458740234
dihedral 529 531 533 553 200 -62.103057861328125
dihedral 531 533 553 555 200 -37.6171989440918
dihedral 553 555 557 563 200 -62.51227569580078
dihedral 555 557 563 565 200 -52.2420539855957
dihedral 563 565 567 573 200 -56.38853073120117
dihedral 565 567 573 575 200 -40.76561737060547
dihedral 573 575 577 589 200 -64.86091613769531
dihedral 575 577 589 591 200 -42.164405822753906
dihedral 589 591 593 611 200 -71.24077606201172
dihedral 591 593 611 613 200 -35.24150466918945
dihedral 79 81 83 98 200 -101.09912872314453
dihedral 81 83 98 100 200 127.27287292480469
dihedral 611 613 615 622 200 -81.41104125976563
dihedral 613 615 622 624 200 -11.298916816711426
dihedral 681 683 685 703 200 -59.34404373168945
dihedral 683 685 703 705 200 -21.05150604248047
dihedral 703 705 707 720 200 -66.11558532714844
dihedral 705 707 720 722 200 -16.130939483642578
dihedral 720 722 724 730 200 -75.72896575927734
dihedral 722 724 730 732 200 -11.664436340332031
dihedral 730 732 734 752 200 -44.60936737060547
dihedral 732 734 752 754 200 -56.57180404663086
dihedral 98 100 102 117 200 -120.2990951538086
dihedral 100 102 117 119 200 143.1981201171875
dihedral 752 754 756 764 200 -74.4068374633789
dihedral 754 756 764 766 200 -30.663991928100586
dihedral 764 766 768 783 200 -64.03128051757813
dihedral 766 768 783 785 200 -53.473655700683594
dihedral 783 785 787 800 200 -61.69573211669922
dihedral 785 787 800 802 200 -35.832176208496094
dihedral 800 802 804 812 200 -61.01041793823242
dihedral 802 804 812 814 200 -38.81674575805664
dihedral 812 814 816 822 200 -78.84126281738281
dihedral 814 816 822 824 200 -12.379558563232422
dihedral 900 902 904 912 200 -58.860233306884766
dihedral 902 904 912 914 200 -44.30883026123047
dihedral 912 914 916 927 200 -55.59700012207031
dihedral 914 916 927 929 200 -39.30311965942383
dihedral 927 929 931 946 200 -69.43079376220703
dihedral 929 931 946 948 200 -48.92231750488281
dihedral 946 948 950 962 200 -67.11234283447266
dihedral 948 950 962 964 200 -38.1025276184082
dihedral 962 964 966 981 200 -62.78908157348633
dihedral 964 966 981 983 200 -37.41010665893555
dihedral 981 983 985 991 200 -61.109779357910156
dihedral 983 985 991 993 200 -49.09013748168945
dihedral 991 993 995 1010 200 -55.010047912597656
dihedral 993 995 1010 1012 200 -45.304115295410156
dihedral 1010 1012 1014 1026 200 -69.17665100097656
dihedral 1012 1014 1026 1028 200 -41.23611831665039
dihedral 1026 1028 1030 1048 200 -62.62998580932617
dihedral 1028 1030 1048 1050 200 -39.26594543457031
dihedral 1048 1050 1052 1063 200 -60.05305862426758
dihedral 1050 1052 1063 1065 200 -45.686344146728516
dihedral 1063 1065 1067 1087 200 -71.2378921508789
dihedral 1065 1067 1087 1089 200 -39.76179504394531
dihedral 1087 1089 1091 1106 200 -62.728172302246094
dihedral 1089 1091 1106 1108 200 -25.412925720214844
dihedral 1106 1108 1110 1116 200 -72.22359466552734
dihedral 1108 1110 1116 1118 200 -18.512405395507813
dihedral 1216 1218 1220 1236 200 -172.1327667236328
dihedral 1218 1220 1236 1238 200 161.27809143066406
dihedral 1236 1238 1240 1255 200 -116.56306457519531
dihedral 1238 1240 1255 1257 200 121.19831848144531
dihedral 1255 1257 1259 1274 200 -94.15385437011719
dihedral 1257 1259 1274 1276 200 113.71784973144531
dihedral 1274 1276 1278 1286 200 -115.12197875976563
dihedral 1276 1278 1286 1288 200 107.2454833984375
dihedral 1365 1367 1369 1384 200 -64.26307678222656
dihedral 1367 1369 1384 1386 200 -45.30414581298828
dihedral 1384 1386 1390 1398 200 -49.530616760253906
dihedral 1386 1390 1398 1400 200 -41.78681564331055
dihedral 1398 1400 1402 1415 200 -68.84442138671875
dihedral 1400 1402 1415 1417 200 -32.09542465209961
dihedral 1415 1417 1419 1425 200 -73.13419342041016
dihedral 1417 1419 1425 1427 200 -43.12273025512695
dihedral 1425 1427 1429 1437 200 -57.026756286621094
dihedral 1427 1429 1437 1439 200 -42.907466888427734
dihedral 1437 1439 1441 1447 200 -57.73283767700195
dihedral 1439 1441 1447 1449 200 -40.20512771606445
dihedral 1447 1449 1451 1464 200 -62.50551986694336
dihedral 1449 1451 1464 1466 200 -40.03334426879883
dihedral 1464 1466 1468 1486 200 -59.65380859375
dihedral 1466 1468 1486 1488 200 -68.25489807128906
dihedral 1486 1488 1490 1501 200 -38.62086486816406
dihedral 1488 1490 1501 1503 200 -39.1292610168457
dihedral 1501 1503 1505 1511 200 -86.63148498535156
dihedral 1503 1505 1511 1513 200 5.294113636016846
