improper 4 0 17 6 50 35.32423400878906
improper 5 0 17 6 50 66.96240234375
improper 21 19 41 23 50 34.978145599365234
improper 22 19 41 23 50 66.79985046386719
improper 45 43 60 47 50 35.970611572265625
improper 46 43 60 47 50 70.41080474853516
improper 64 62 79 66 50 34.89265060424805
improper 65 62 79 66 50 68.2424545288086
improper 83 81 98 85 50 34.912437438964844
improper 84 81 98 85 50 67.40580749511719
improper 102 100 117 104 50 36.89057922363281
improper 103 100 117 104 50 69.24144744873047
improper 128 126 134 130 50 36.57710647583008
improper 129 126 134 130 50 68.37564849853516
improper 140 136 148 142 50 35.95461654663086
improper 141 136 148 142 50 66.04129791259766
improper 159 157 165 161 50 35.1600341796875
improper 160 157 165 161 50 66.52886199951172
improper 176 174 194 178 50 34.297813415527344
improper 177 174 194 178 50 66.87955474853516
improper 205 203 215 207 50 34.80191421508789
improper 206 203 215 207 50 68.50727844238281
improper 219 217 232 221 50 34.37662124633789
improper 220 217 232 221 50 68.59667205810547
improper 236 234 242 238 50 35.83113479614258
improper 237 234 242 238 50 67.30615234375
improper 246 244 259 248 50 34.25685119628906
improper 247 244 259 248 50 67.29345703125
improper 263 261 279 265 50 34.15235900878906
improper 264 261 279 265 50 68.03099822998047
improper 283 281 298 285 50 34.48151779174805
improper 284 281 298 285 50 68.11997985839844
improper 302 300 315 304 50 34.8338623046875
improper 303 300 315 304 50 68.09668731689453
improper 319 317 330 321 50 34.056129455566406
improper 320 317 330 321 50 66.97261047363281
improper 334 332 352 336 50 35.50258255004883
improper 335 332 352 336 50 69.68238830566406
improper 356 354 373 358 50 34.868507385253906
improper 357 354 373 358 50 68.89539337158203
improper 384 382 399 386 50 33.73760986328125
improper 385 382 399 386 50 67.07638549804688
improper 405 401 413 407 50 36.040245056152344
improper 406 401 413 407 50 65.8888931274414
improper 417 415 430 419 50 35.61939239501953
improper 418 415 430 419 50 67.7138671875
improper 434 432 449 436 50 34.913211822509766
improper 435 432 449 436 50 67.58543395996094
improper 453 451 460 455 50 34.861053466796875
improper 454 451 460 455 50 68.07792663574219
improper 464 462 474 466 50 33.5447998046875
improper 465 462 474 466 50 67.90583038330078
improper 485 483 493 487 50 34.52959442138672
improper 486 483 493 487 50 67.7693099975586
improper 497 495 510 499 50 34.662925720214844
improper 498 495 510 499 50 68.06002044677734
improper 514 512 529 516 50 34.54692840576172
improper 515 512 529 516 50 67.8473129272461
improper 533 531 553 535 50 34.83149337768555
improper 534 531 553 535 50 67.13062286376953
improper 557 555 563 559 50 35.20941162109375
improper 558 555 563 559 50 66.61756896972656
improper 567 565 573 569 50 35.11859130859375
improper 568 565 573 569 50 66.9753646850586
improper 577 575 589 579 50 35.00569534301758
improper 578 575 589 579 50 67.494873046875
improper 593 591 611 595 50 34.8205680847168
improper 594 591 611 595 50 68.38801574707031
improper 615 613 622 617 50 35.75557327270508
improper 616 613 622 617 50 70.50007629394531
improper 633 631 640 635 50 35.40748977661133
improper 634 631 640 635 50 68.35955047607422
improper 644 642 655 646 50 33.99831008911133
improper 645 642 655 646 50 66.61856842041016
improper 659 657 674 661 50 33.89012908935547
improper 660 657 674 661 50 67.01521301269531
improper 685 683 703 687 50 34.460636138916016
improper 686 683 703 687 50 67.62431335449219
improper 707 705 720 709 50 35.227378845214844
improper 708 705 720 709 50 68.50855255126953
improper 724 722 730 726 50 35.03670883178711
improper 725 722 730 726 50 67.45657348632813
improper 734 732 752 736 50 35.06000518798828
improper 735 732 752 736 50 69.53606414794922
improper 756 754 764 758 50 35.08542251586914
improper 757 754 764 758 50 70.54832458496094
improper 768 766 783 770 50 35.455631256103516
improper 769 766 783 770 50 68.6588134765625
improper 787 785 800 789 50 34.560585021972656
improper 788 785 800 789 50 67.64382934570313
improper 804 802 812 806 50 35.742591857910156
improper 805 802 812 806 50 69.7724609375
improper 816 814 822 818 50 35.121360778808594
improper 817 814 822 818 50 66.83463287353516
improper 833 831 851 835 50 35.242897033691406
improper 834 831 851 835 50 69.14942932128906
improper 855 853 870 857 50 34.41901779174805
improper 856 853 870 857 50 67.37226104736328
improper 874 872 886 876 50 35.50184631347656
improper 875 872 886 876 50 67.1288070678711
improper 890 888 900 892 50 34.505950927734375
improper 891 888 900 892 50 68.38428497314453
improper 904 902 912 906 50 35.607200622558594
improper 905 902 912 906 50 69.14791870117188
improper 916 914 927 918 50 34.64803695678711
improper 917 914 927 918 50 66.89757537841797
improper 931 929 946 933 50 34.85230255126953
improper 932 929 946 933 50 68.86672973632813
improper 950 948 962 952 50 34.884071350097656
improper 951 948 962 952 50 67.89971923828125
improper 966 964 981 968 50 34.68701934814453
improper 967 964 981 968 50 68.13481140136719
improper 985 983 991 987 50 35.21650314331055
improper 986 983 991 987 50 66.98563385009766
improper 995 993 1010 997 50 35.9805908203125
improper 996 993 1010 997 50 69.95417785644531
improper 1014 1012 1026 1016 50 35.520469665527344
improper 1015 1012 1026 1016 50 68.66722869873047
improper 1030 1028 1048 1032 50 34.492557525634766
improper 1031 1028 1048 1032 50 67.65802764892578
improper 1052 1050 1063 1054 50 35.10150909423828
improper 1053 1050 1063 1054 50 68.04523468017578
improper 1067 1065 1087 1069 50 34.99113082885742
improper 1068 1065 1087 1069 50 68.12006378173828
improper 1091 1089 1106 1093 50 34.30170440673828
improper 1092 1089 1106 1093 50 67.96305084228516
improper 1110 1108 1116 1112 50 35.03532028198242
improper 1111 1108 1116 1112 50 67.58975219726563
improper 1120 1118 1133 1122 50 35.9261360168457
improper 1121 1118 1133 1122 50 69.1749496459961
improper 1137 1135 1148 1139 50 34.412391662597656
improper 1138 1135 1148 1139 50 67.74246978759766
improper 1152 1150 1160 1154 50 34.55288314819336
improper 1153 1150 1160 1154 50 68.26070404052734
improper 1164 1162 1171 1166 50 34.3558235168457
improper 1165 1162 1171 1166 50 69.4007797241211
improper 1175 1173 1195 1177 50 33.67344665527344
improper 1176 1173 1195 1177 50 67.18708801269531
improper 1199 1197 1209 1201 50 33.74013137817383
improper 1200 1197 1209 1201 50 68.70317077636719
improper 1220 1218 1236 1222 50 35.124847412109375
improper 1221 1218 1236 1222 50 67.83518981933594
improper 1240 1238 1255 1242 50 35.91946792602539
improper 1241 1238 1255 1242 50 68.22500610351563
improper 1259 1257 1274 1261 50 34.53278732299805
improper 1260 1257 1274 1261 50 67.07389831542969
improper 1278 1276 1286 1280 50 35.568626403808594
improper 1279 1276 1286 1280 50 68.65922546386719
improper 1297 1295 1313 1299 50 34.937835693359375
improper 1298 1295 1313 1299 50 67.93199920654297
improper 1319 1315 1327 1321 50 36.69695281982422
improper 1320 1315 1327 1321 50 66.86491394042969
improper 1331 1329 1351 1333 50 36.0964241027832
improper 1332 1329 1351 1333 50 68.3634033203125
improper 1355 1353 1365 1357 50 34.24705505371094
improper 1356 1353 1365 1357 50 67.69823455810547
improper 1369 1367 1384 1371 50 34.65467071533203
improper 1370 1367 1384 1371 50 68.07090759277344
improper 1390 1386 1398 1392 50 36.34197998046875
improper 1391 1386 1398 1392 50 66.88528442382813
improper 1402 1400 1415 1404 50 34.390506744384766
improper 1403 1400 1415 1404 50 67.17227935791016
improper 1419 1417 1425 1421 50 34.954246520996094
improper 1420 1417 1425 1421 50 66.22724151611328
improper 1429 1427 1437 1431 50 35.01213073730469
improper 1430 1427 1437 1431 50 69.06071472167969
improper 1441 1439 1447 1443 50 35.37225341796875
improper 1442 1439 1447 1443 50 67.37022399902344
improper 1451 1449 1464 1453 50 35.621360778808594
improper 1452 1449 1464 1453 50 68.63468933105469
improper 1468 1466 1486 1470 50 35.025760650634766
improper 1469 1466 1486 1470 50 67.48816680908203
improper 1490 1488 1501 1492 50 35.11988067626953
improper 1491 1488 1501 1492 50 68.7826156616211
improper 1505 1503 1511 1507 50 34.595726013183594
improper 1506 1503 1511 1507 50 67.03894805908203
improper 1522 1520 1537 1524 50 34.54660415649414
improper 1523 1520 1537 1524 50 67.46070861816406
improper 1541 1539 1551 1543 50 34.62587356567383
improper 1542 1539 1551 1543 50 67.16243743896484
improper 1555 1553 1567 1557 50 34.163185119628906
improper 1556 1553 1567 1557 50 66.48213958740234
improper 1571 1569 1579 1573 50 34.9898796081543
improper 1572 1569 1579 1573 50 69.63420104980469
improper 1583 1581 1600 1585 50 35.750022888183594
improper 1584 1581 1600 1585 50 69.21736145019531
improper 1604 1602 1616 1606 50 34.345645904541016
improper 1605 1602 1616 1606 50 65.91348266601563
improper 1620 1618 1635 1622 50 34.91680145263672
improper 1621 1618 1635 1622 50 67.53880310058594
improper 1639 1637 1650 1641 50 35.13392639160156
improper 1640 1637 1650 1641 50 66.78521728515625
improper 1654 1652 1670 1656 50 35.53437805175781
improper 1655 1652 1670 1656 50 68.2291030883789
improper 1674 1672 1682 1676 50 35.10899353027344
improper 1675 1672 1682 1676 50 69.53203582763672
improper 1686 1684 1698 1688 50 35.68557357788086
improper 1687 1684 1698 1688 50 67.7254638671875
improper 1704 1700 1712 1706 50 36.41169357299805
improper 1705 1700 1712 1706 50 66.79682159423828
improper 1716 1714 1724 1718 50 35.448726654052734
improper 1717 1714 1724 1718 50 70.23159790039063
improper 1728 1726 1739 1730 50 35.29274368286133
improper 1729 1726 1739 1730 50 68.50603485107422
improper 1743 1741 1758 1745 50 36.00341796875
improper 1744 1741 1758 1745 50 69.5430679321289
improper 1762 1760 1777 1764 50 34.683837890625
improper 1763 1760 1777 1764 50 69.0698471069336
improper 1781 1779 1793 1783 50 33.45935821533203
improper 1782 1779 1793 1783 50 66.52554321289063
improper 1797 1795 1805 1799 50 34.29652786254883
improper 1798 1795 1805 1799 50 68.96581268310547
improper 1809 1807 1829 1811 50 35.332916259765625
improper 1810 1807 1829 1811 50 67.80792999267578
improper 1833 1831 1848 1835 50 32.542606353759766
improper 1834 1831 1848 1835 50 67.34960174560547
improper 1852 1850 1864 1854 50 33.286109924316406
improper 1853 1850 1864 1854 50 66.53959655761719
improper 1875 1873 1895 1877 50 34.394229888916016
improper 1876 1873 1895 1877 50 67.50067901611328
improper 1899 1897 1919 1901 50 35.53556442260742
improper 1900 1897 1919 1901 50 67.13123321533203
improper 1923 1921 1935 1925 50 34.98988723754883
improper 1924 1921 1935 1925 50 68.00035095214844
improper 1939 1937 1952 1941 50 35.611690521240234
improper 1940 1937 1952 1941 50 67.35662078857422
improper 1956 1954 1962 1958 50 34.76238250732422
improper 1957 1954 1962 1958 50 67.8019790649414
improper 1968 1964 1976 1970 50 36.12986373901367
improper 1969 1964 1976 1970 50 66.16097259521484
improper 1980 1978 1987 1982 50 35.233253479003906
improper 1981 1978 1987 1982 50 69.51697540283203
improper 1998 1996 2018 2000 50 34.405853271484375
improper 1999 1996 2018 2000 50 66.498046875
improper 2022 2020 2034 2024 50 34.38722229003906
improper 2023 2020 2034 2024 50 67.68411254882813
improper 2038 2036 2055 2040 50 36.6268424987793
improper 2039 2036 2055 2040 50 70.0543212890625
improper 2059 2057 2072 2061 50 35.53032302856445
improper 2060 2057 2072 2061 50 67.50820922851563
improper 2076 2074 2088 2078 50 34.293888092041016
improper 2077 2074 2088 2078 50 68.57318115234375
improper 2092 2090 2110 2094 50 35.63041687011719
improper 2093 2090 2110 2094 50 69.19081115722656
improper 2114 2112 2130 2116 50 34.820804595947266
improper 2115 2112 2130 2116 50 69.38494110107422
improper 2134 2132 2144 2136 50 35.49562072753906
improper 2135 2132 2144 2136 50 68.5390396118164
improper 2150 2146 2158 2152 50 35.40252685546875
improper 2151 2146 2158 2152 50 65.7375259399414
improper 2164 2160 2172 2166 50 35.62570571899414
improper 2165 2160 2172 2166 50 65.39559936523438
improper 2176 2174 2194 2178 50 34.49899673461914
improper 2177 2174 2194 2178 50 67.19217681884766
improper 2198 2196 2210 2200 50 35.08544921875
improper 2199 2196 2210 2200 50 66.63827514648438
improper 2214 2212 2225 2216 50 34.83372497558594
improper 2215 2212 2225 2216 50 68.2201919555664
improper 2236 2234 2254 2238 50 35.24659729003906
improper 2237 2234 2254 2238 50 67.81991577148438
improper 2258 2256 2266 2260 50 35.43180465698242
improper 2259 2256 2266 2260 50 68.46297454833984
improper 2270 2268 2278 2272 50 35.805999755859375
improper 2271 2268 2278 2272 50 70.59540557861328
improper 2282 2280 2294 2284 50 35.23875427246094
improper 2283 2280 2294 2284 50 68.76226043701172
improper 2298 2296 2308 2300 50 35.28379821777344
improper 2299 2296 2308 2300 50 70.3223648071289
improper 2319 2317 2330 2321 50 35.40998077392578
improper 2320 2317 2330 2321 50 68.22525787353516
improper 2334 2332 2345 2336 50 35.17620849609375
improper 2335 2332 2345 2336 50 67.65437316894531
improper 2349 2347 2364 2351 50 34.6944694519043
improper 2350 2347 2364 2351 50 67.52381134033203
improper 2368 2366 2378 2370 50 34.885780334472656
improper 2369 2366 2378 2370 50 68.35247039794922
improper 2382 2380 2392 2384 50 34.69312286376953
improper 2383 2380 2392 2384 50 68.46675109863281
improper 2396 2394 2416 2398 50 34.867008209228516
improper 2397 2394 2416 2398 50 67.33067321777344
improper 2420 2418 2438 2422 50 35.52642059326172
improper 2421 2418 2438 2422 50 68.62838745117188
improper 2442 2440 2450 2444 50 34.972354888916016
improper 2443 2440 2450 2444 50 68.80997467041016
improper 2454 2452 2462 2456 50 34.21720886230469
improper 2455 2452 2462 2456 50 67.9323501586914
improper 2466 2464 2479 2468 50 34.50619888305664
improper 2467 2464 2479 2468 50 66.48960876464844
improper 2483 2481 2494 2485 50 35.45804977416992
improper 2484 2481 2494 2485 50 68.77456665039063
improper 2498 2496 2509 2500 50 33.83866882324219
improper 2499 2496 2509 2500 50 67.47972106933594
improper 2513 2511 2523 2515 50 34.93540573120117
improper 2514 2511 2523 2515 50 68.84724426269531
improper 2527 2525 2539 2529 50 36.25950622558594
improper 2528 2525 2539 2529 50 68.74201202392578
improper 2543 2541 2563 2545 50 34.66428756713867
improper 2544 2541 2563 2545 50 67.95726013183594
improper 2567 2565 2585 2569 50 34.716835021972656
improper 2568 2565 2585 2569 50 67.70942687988281
improper 2589 2587 2609 2591 50 35.11223602294922
improper 2590 2587 2609 2591 50 68.01782989501953
improper 2613 2611 2628 2615 50 35.62556838989258
improper 2614 2611 2628 2615 50 69.8144302368164
improper 2632 2630 2644 2634 50 35.5273551940918
improper 2633 2630 2644 2634 50 68.49895477294922
improper 2648 2646 2659 2650 50 35.07011032104492
improper 2649 2646 2659 2650 50 67.05258178710938
improper 2663 2661 2680 2665 50 34.713497161865234
improper 2664 2661 2680 2665 50 67.90959930419922
improper 2684 2682 2697 2686 50 34.340999603271484
improper 2685 2682 2697 2686 50 67.4259262084961
improper 2701 2699 2714 2703 50 34.826778411865234
improper 2702 2699 2714 2703 50 68.74873352050781
improper 2718 2716 2731 2720 50 35.929508209228516
improper 2719 2716 2731 2720 50 70.02983856201172
improper 2735 2733 2745 2737 50 34.708961486816406
improper 2736 2733 2745 2737 50 69.00806427001953
improper 2749 2747 2755 2751 50 35.243064880371094
improper 2750 2747 2755 2751 50 67.469970703125
improper 2761 2757 2769 2763 50 35.924564361572266
improper 2762 2757 2769 2763 50 66.51144409179688
improper 2773 2771 2788 2775 50 34.371463775634766
improper 2774 2771 2788 2775 50 67.69589233398438
improper 2792 2790 2807 2794 50 34.16227340698242
improper 2793 2790 2807 2794 50 67.37578582763672
improper 2818 2816 2835 2820 50 34.91232681274414
improper 2819 2816 2835 2820 50 68.65796661376953
improper 2839 2837 2856 2841 50 35.170989990234375
improper 2840 2837 2856 2841 50 69.01141357421875
improper 2860 2858 2867 2862 50 35.326698303222656
improper 2861 2858 2867 2862 50 68.12635040283203
improper 2871 2869 2889 2873 50 35.041717529296875
improper 2872 2869 2889 2873 50 68.79605102539063
improper 2893 2891 2904 2895 50 35.194820404052734
improper 2894 2891 2904 2895 50 67.6963882446289
improper 2908 2906 2914 2910 50 35.72361755371094
improper 2909 2906 2914 2910 50 67.50499725341797
improper 2918 2916 2929 2920 50 35.29905700683594
improper 2919 2916 2929 2920 50 68.28782653808594
improper 2933 2931 2939 2935 50 34.91307830810547
improper 2934 2931 2939 2935 50 67.44131469726563
improper 2950 2948 2960 2952 50 34.73347854614258
improper 2951 2948 2960 2952 50 69.85022735595703
improper 2964 2962 2974 2966 50 35.13332748413086
improper 2965 2962 2974 2966 50 68.3600845336914
improper 2978 2976 2996 2980 50 34.84511947631836
improper 2979 2976 2996 2980 50 66.92243957519531
improper 3000 2998 3017 3002 50 35.10614776611328
improper 3001 2998 3017 3002 50 67.15013122558594
improper 3021 3019 3027 3023 50 35.315486907958984
improper 3022 3019 3027 3023 50 66.23258209228516
improper 3031 3029 3049 3033 50 34.89534378051758
improper 3032 3029 3049 3033 50 67.65203857421875
improper 3053 3051 3065 3055 50 33.994476318359375
improper 3054 3051 3065 3055 50 66.1661376953125
improper 3069 3067 3077 3071 50 35.22069549560547
improper 3070 3067 3077 3071 50 68.68412780761719
improper 3088 3086 3098 3090 50 33.48521041870117
improper 3089 3086 3098 3090 50 68.24571990966797
improper 3102 3100 3120 3104 50 34.990299224853516
improper 3103 3100 3120 3104 50 67.6457748413086
improper 3126 3122 3134 3128 50 36.34880828857422
improper 3127 3122 3134 3128 50 66.33965301513672
improper 3138 3136 3150 3140 50 35.17194366455078
improper 3139 3136 3150 3140 50 67.58782196044922
improper 3154 3152 3160 3156 50 35.21630096435547
improper 3155 3152 3160 3156 50 67.67469787597656
improper 3164 3162 3175 3166 50 34.907318115234375
improper 3165 3162 3175 3166 50 67.55467987060547
improper 3179 3177 3191 3181 50 35.1579475402832
improper 3180 3177 3191 3181 50 66.90663146972656
improper 3195 3193 3215 3197 50 35.12813186645508
improper 3196 3193 3215 3197 50 68.10256958007813
improper 3219 3217 3225 3221 50 35.33597946166992
improper 3220 3217 3225 3221 50 67.87100219726563
improper 3229 3227 3237 3231 50 34.31385040283203
improper 3230 3227 3237 3231 50 67.9070816040039
improper 3241 3239 3256 3243 50 34.6038932800293
improper 3242 3239 3256 3243 50 67.98515319824219
improper 3260 3258 3271 3262 50 34.76233673095703
improper 3261 3258 3271 3262 50 67.35902404785156
improper 3275 3273 3293 3277 50 34.71747970581055
improper 3276 3273 3293 3277 50 68.48052978515625
improper 3297 3295 3312 3299 50 35.05806350708008
improper 3298 3295 3312 3299 50 68.8232192993164
improper 3316 3314 3331 3318 50 34.56156921386719
improper 3317 3314 3331 3318 50 69.47351837158203
improper 207 205 209 211 50 33.285030364990234
improper 208 205 209 211 50 66.42438507080078
improper 466 464 468 470 50 36.57139587402344
improper 467 464 468 470 50 70.9007797241211
improper 892 890 894 896 50 36.857177734375
improper 893 890 894 896 50 70.77047729492188
improper 1357 1355 1359 1361 50 31.171794891357422
improper 1358 1355 1359 1361 50 64.18006896972656
improper 2300 2298 2302 2304 50 33.024600982666016
improper 2301 2298 2302 2304 50 66.69456481933594
improper 2370 2368 2372 2374 50 38.20970916748047
improper 2371 2368 2372 2374 50 72.4505615234375
improper 2384 2382 2386 2388 50 37.722232818603516
improper 2385 2382 2386 2388 50 71.50675201416016
improper 2515 2513 2517 2519 50 31.873456954956055
improper 2516 2513 2517 2519 50 65.03514862060547
improper 2737 2735 2739 2741 50 31.7510986328125
improper 2738 2735 2739 2741 50 64.88448333740234
improper 2966 2964 2968 2970 50 32.548248291015625
improper 2967 2964 2968 2970 50 65.56046295166016
improper 3090 3088 3092 3094 50 35.3036003112793
improper 3091 3088 3092 3094 50 69.41922760009766
improper 47 45 53 49 50 34.11488723754883
improper 48 45 53 49 50 68.9381103515625
improper 66 64 72 68 50 35.584228515625
improper 67 64 72 68 50 70.50096893310547
improper 285 283 291 287 50 32.43913269042969
improper 286 283 291 287 50 66.46285247802734
improper 386 384 392 388 50 37.419029235839844
improper 387 384 392 388 50 73.33757019042969
improper 436 434 442 438 50 31.015972137451172
improper 437 434 442 438 50 65.37257385253906
improper 770 768 776 772 50 36.1234016418457
improper 771 768 776 772 50 71.35002899169922
improper 968 966 974 970 50 34.08232498168945
improper 969 966 974 970 50 68.84487915039063
improper 1093 1091 1099 1095 50 32.577110290527344
improper 1094 1091 1099 1095 50 66.6840591430664
improper 1371 1369 1377 1373 50 35.81760787963867
improper 1372 1369 1377 1373 50 71.43108367919922
improper 1524 1522 1530 1526 50 35.33170700073242
improper 1525 1522 1530 1526 50 70.88545227050781
improper 1764 1762 1770 1766 50 37.43144989013672
improper 1765 1762 1770 1766 50 72.79403686523438
improper 1835 1833 1841 1837 50 33.76639175415039
improper 1836 1833 1841 1837 50 67.573974609375
improper 2794 2792 2800 2796 50 33.11570358276367
improper 2795 2792 2800 2796 50 67.56076049804688
improper 3299 3297 3305 3301 50 32.66408157348633
improper 3300 3297 3305 3301 50 67.27523803710938
