dihedral 18 17 19 21 200 -3.598576545715332
dihedral 42 41 43 45 200 3.0386691093444824
dihedral 61 60 62 64 200 -14.489006042480469
dihedral 80 79 81 83 200 -16.67608070373535
dihedral 99 98 100 102 200 7.062584400177002
dihedral 118 117 119 121 200 -0.6692259907722473
dihedral 125 124 126 128 200 -7.255980491638184
dihedral 135 134 136 140 200 -7.788578510284424
dihedral 149 148 150 152 200 -7.579977512359619
dihedral 156 155 157 159 200 9.284730911254883
dihedral 166 165 167 169 200 -6.748862266540527
dihedral 173 172 174 176 200 10.364350318908691
dihedral 195 194 196 198 200 8.71639633178711
dihedral 202 201 203 205 200 0.7339805960655212
dihedral 216 215 217 219 200 1.6132675409317017
dihedral 233 232 234 236 200 -3.780972480773926
dihedral 243 242 244 246 200 -3.8144567012786865
dihedral 260 259 261 263 200 1.5758187770843506
dihedral 280 279 281 283 200 -0.5273862481117249
dihedral 299 298 300 302 200 1.5674723386764526
dihedral 316 315 317 319 200 7.34471321105957
dihedral 331 330 332 334 200 6.490692615509033
dihedral 353 352 354 356 200 -1.0061790943145752
dihedral 374 373 375 377 200 -5.438720703125
dihedral 381 380 382 384 200 -6.3475422859191895
dihedral 400 399 401 405 200 -2.2228128910064697
dihedral 414 413 415 417 200 -5.621229648590088
dihedral 431 430 432 434 200 -5.540755748748779
dihedral 450 449 451 453 200 -1.5544053316116333
dihedral 461 460 462 464 200 4.564469337463379
dihedral 475 474 476 478 200 -4.924581527709961
dihedral 482 481 483 485 200 7.220593452453613
dihedral 494 493 495 497 200 0.6439715027809143
dihedral 511 510 512 514 200 2.1765575408935547
dihedral 530 529 531 533 200 -4.033827781677246
dihedral 554 553 555 557 200 1.3785154819488525
dihedral 564 563 565 567 200 0.8470937609672546
dihedral 574 573 575 577 200 3.8810343742370605
dihedral 590 589 591 593 200 6.369466304779053
dihedral 612 611 613 615 200 -6.347649097442627
dihedral 623 622 624 626 200 6.2147064208984375
dihedral 630 629 631 633 200 -4.401939868927002
dihedral 641 640 642 644 200 -0.3226012885570526
dihedral 656 655 657 659 200 -6.889705657958984
dihedral 675 674 676 678 200 -13.515656471252441
dihedral 682 681 683 685 200 0.9208570718765259
dihedral 704 703 705 707 200 7.340987205505371
dihedral 721 720 722 724 200 1.8599621057510376
dihedral 731 730 732 734 200 15.50847053527832
dihedral 753 752 754 756 200 5.570271968841553
dihedral 765 764 766 768 200 -3.0009443759918213
dihedral 784 783 785 787 200 4.752273082733154
dihedral 801 800 802 804 200 -0.19143006205558777
dihedral 813 812 814 816 200 -3.9689927101135254
dihedral 823 822 824 826 200 2.468963146209717
dihedral 830 829 831 833 200 5.052819728851318
dihedral 852 851 853 855 200 3.1096372604370117
dihedral 871 870 872 874 200 -14.711934089660645
dihedral 887 886 888 890 200 8.646163940429688
dihedral 901 900 902 904 200 5.873661994934082
dihedral 913 912 914 916 200 5.376204490661621
dihedral 928 927 929 931 200 6.452305316925049
dihedral 947 946 948 950 200 6.700963497161865
dihedral 963 962 964 966 200 0.7536100149154663
dihedral 982 981 983 985 200 1.0537437200546265
dihedral 992 991 993 995 200 -2.372323751449585
dihedral 1011 1010 1012 1014 200 -1.068138599395752
dihedral 1027 1026 1028 1030 200 -1.873772144317627
dihedral 1049 1048 1050 1052 200 3.561389684677124
dihedral 1064 1063 1065 1067 200 9.59293270111084
dihedral 1088 1087 1089 1091 200 6.257798194885254
dihedral 1107 1106 1108 1110 200 4.128403186798096
dihedral 1117 1116 1118 1120 200 -3.4343883991241455
dihedral 1134 1133 1135 1137 200 14.237554550170898
dihedral 1149 1148 1150 1152 200 -1.592960000038147
dihedral 1161 1160 1162 1164 200 4.595083713531494
dihedral 1172 1171 1173 1175 200 2.1530628204345703
dihedral 1196 1195 1197 1199 200 -3.7642576694488525
dihedral 1210 1209 1211 1213 200 0.5406776070594788
dihedral 1217 1216 1218 1220 200 2.626307964324951
dihedral 1237 1236 1238 1240 200 1.876961350440979
dihedral 1256 1255 1257 1259 200 -3.5062739849090576
dihedral 1275 1274 1276 1278 200 -1.6552609205245972
dihedral 1287 1286 1288 1290 200 -3.0051615238189697
dihedral 1294 1293 1295 1297 200 6.356960296630859
dihedral 1314 1313 1315 1319 200 169.01443481445313
dihedral 1328 1327 1329 1331 200 4.210304260253906
dihedral 1352 1351 1353 1355 200 -6.524153709411621
dihedral 1366 1365 1367 1369 200 -2.3449819087982178
dihedral 1385 1384 1386 1390 200 -7.362189292907715
dihedral 1399 1398 1400 1402 200 -2.065322160720825
dihedral 1416 1415 1417 1419 200 1.9779267311096191
dihedral 1426 1425 1427 1429 200 -6.034173488616943
dihedral 1438 1437 1439 1441 200 3.1192123889923096
dihedral 1448 1447 1449 1451 200 -5.601207733154297
dihedral 1465 1464 1466 1468 200 0.7654762864112854
dihedral 1487 1486 1488 1490 200 -0.05673708766698837
dihedral 1502 1501 1503 1505 200 0.5100110173225403
dihedral 1512 1511 1513 1515 200 -0.34661898016929626
dihedral 1519 1518 1520 1522 200 -4.197585582733154
dihedral 1538 1537 1539 1541 200 -4.985400676727295
dihedral 1552 1551 1553 1555 200 -1.5494426488876343
dihedral 1568 1567 1569 1571 200 -0.8137657642364502
dihedral 1580 1579 1581 1583 200 8.508915901184082
dihedral 1601 1600 1602 1604 200 -14.62943172454834
dihedral 1617 1616 1618 1620 200 -3.4263813495635986
dihedral 1636 1635 1637 1639 200 -3.825791835784912
dihedral 1651 1650 1652 1654 200 -7.743898868560791
dihedral 1671 1670 1672 1674 200 0.03242238610982895
dihedral 1683 1682 1684 1686 200 1.1927088499069214
dihedral 1699 1698 1700 1704 200 -9.850932121276855
dihedral 1713 1712 1714 1716 200 -3.3667240142822266
dihedral 1725 1724 1726 1728 200 7.609560966491699
dihedral 1740 1739 1741 1743 200 -2.8467109203338623
dihedral 1759 1758 1760 1762 200 15.506275177001953
dihedral 1778 1777 1779 1781 200 5.879823207855225
dihedral 1794 1793 1795 1797 200 2.916510820388794
dihedral 1806 1805 1807 1809 200 -7.604308128356934
dihedral 1830 1829 1831 1833 200 12.842719078063965
dihedral 1849 1848 1850 1852 200 9.829107284545898
dihedral 1865 1864 1866 1868 200 -5.816681385040283
dihedral 1872 1871 1873 1875 200 -0.14066743850708008
dihedral 1896 1895 1897 1899 200 -2.0545883178710938
dihedral 1920 1919 1921 1923 200 2.699885606765747
dihedral 1936 1935 1937 1939 200 -21.211559295654297
dihedral 1953 1952 1954 1956 200 14.268159866333008
dihedral 1963 1962 1964 1968 200 5.923535346984863
dihedral 1977 1976 1978 1980 200 8.19191837310791
dihedral 1988 1987 1989 1991 200 0.248051717877388
dihedral 1995 1994 1996 1998 200 -3.0956571102142334
dihedral 2019 2018 2020 2022 200 3.0386157035827637
dihedral 2035 2034 2036 2038 200 3.1208014488220215
dihedral 2056 2055 2057 2059 200 -1.8137308359146118
dihedral 2073 2072 2074 2076 200 9.2404203414917
dihedral 2089 2088 2090 2092 200 -5.511056900024414
dihedral 2111 2110 2112 2114 200 19.92106819152832
dihedral 2131 2130 2132 2134 200 2.629430055618286
dihedral 2145 2144 2146 2150 200 7.371607780456543
dihedral 2159 2158 2160 2164 200 -12.10191822052002
dihedral 2173 2172 2174 2176 200 2.9029064178466797
dihedral 2195 2194 2196 2198 200 -3.4127185344696045
dihedral 2211 2210 2212 2214 200 0.7005605101585388
dihedral 2226 2225 2227 2229 200 -7.585115432739258
dihedral 2233 2232 2234 2236 200 8.62780475616455
dihedral 2255 2254 2256 2258 200 -1.9390674829483032
dihedral 2267 2266 2268 2270 200 2.8436925411224365
dihedral 2279 2278 2280 2282 200 4.636477947235107
dihedral 2295 2294 2296 2298 200 8.427558898925781
dihedral 2309 2308 2310 2312 200 -2.878190040588379
dihedral 2316 2315 2317 2319 200 -1.5686711072921753
dihedral 2331 2330 2332 2334 200 5.018438339233398
dihedral 2346 2345 2347 2349 200 -8.180068016052246
dihedral 2365 2364 2366 2368 200 -0.14926207065582275
dihedral 2379 2378 2380 2382 200 -8.026021003723145
dihedral 2393 2392 2394 2396 200 -11.339285850524902
dihedral 2417 2416 2418 2420 200 3.3988802433013916
dihedral 2439 2438 2440 2442 200 0.18410710990428925
dihedral 2451 2450 2452 2454 200 -5.148327350616455
dihedral 2463 2462 2464 2466 200 -21.750192642211914
dihedral 2480 2479 2481 2483 200 3.1317479610443115
dihedral 2495 2494 2496 2498 200 8.466682434082031
dihedral 2510 2509 2511 2513 200 -1.9668208360671997
dihedral 2524 2523 2525 2527 200 -0.9435452818870544
dihedral 2540 2539 2541 2543 200 -3.7964022159576416
dihedral 2564 2563 2565 2567 200 1.6709949970245361
dihedral 2586 2585 2587 2589 200 3.598994731903076
dihedral 2610 2609 2611 2613 200 -1.7643131017684937
dihedral 2629 2628 2630 2632 200 -11.564653396606445
dihedral 2645 2644 2646 2648 200 1.7844834327697754
dihedral 2660 2659 2661 2663 200 -4.819006443023682
dihedral 2681 2680 2682 2684 200 4.1287312507629395
dihedral 2698 2697 2699 2701 200 7.369724750518799
dihedral 2715 2714 2716 2718 200 16.911266326904297
dihedral 2732 2731 2733 2735 200 11.65954875946045
dihedral 2746 2745 2747 2749 200 1.1020066738128662
dihedral 2756 2755 2757 2761 200 -0.6532536745071411
dihedral 2770 2769 2771 2773 200 -4.459282875061035
dihedral 2789 2788 2790 2792 200 1.0497885942459106
dihedral 2808 2807 2809 2811 200 3.04150652885437
dihedral 2815 2814 2816 2818 200 -1.765528678894043
dihedral 2836 2835 2837 2839 200 5.121181964874268
dihedral 2857 2856 2858 2860 200 -9.782258987426758
dihedral 2868 2867 2869 2871 200 -6.833822250366211
dihedral 2890 2889 2891 2893 200 -8.027120590209961
dihedral 2905 2904 2906 2908 200 1.4603055715560913
dihedral 2915 2914 2916 2918 200 -0.6407195329666138
dihedral 2930 2929 2931 2933 200 -0.4158479869365692
dihedral 2940 2939 2941 2943 200 3.3986127376556396
dihedral 2947 2946 2948 2950 200 7.083195686340332
dihedral 2961 2960 2962 2964 200 1.2534202337265015
dihedral 2975 2974 2976 2978 200 -9.86489200592041
dihedral 2997 2996 2998 3000 200 0.9461020231246948
dihedral 3018 3017 3019 3021 200 -9.1585054397583
dihedral 3028 3027 3029 3031 200 -10.501546859741211
dihedral 3050 3049 3051 3053 200 -10.305935859680176
dihedral 3066 3065 3067 3069 200 -3.2475407123565674
dihedral 3078 3077 3079 3081 200 6.3416619300842285
dihedral 3085 3084 3086 3088 200 -6.49184513092041
dihedral 3099 3098 3100 3102 200 7.862897872924805
dihedral 3121 3120 3122 3126 200 -11.693036079406738
dihedral 3135 3134 3136 3138 200 -1.2829653024673462
dihedral 3151 3150 3152 3154 200 8.87152099609375
dihedral 3161 3160 3162 3164 200 -0.5822195410728455
dihedral 3176 3175 3177 3179 200 -4.132132530212402
dihedral 3192 3191 3193 3195 200 3.580822467803955
dihedral 3216 3215 3217 3219 200 -1.0047334432601929
dihedral 3226 3225 3227 3229 200 -2.710357427597046
dihedral 3238 3237 3239 3241 200 0.25030267238616943
dihedral 3257 3256 3258 3260 200 -4.426056385040283
dihedral 3272 3271 3273 3275 200 2.4731998443603516
dihedral 3294 3293 3295 3297 200 -0.6779618263244629
dihedral 3313 3312 3314 3316 200 11.201809883117676
dihedral 3332 3331 3333 3335 200 -3.2047252655029297
