improper 4 0 17 6 50 35.32426834106445
improper 5 0 17 6 50 66.96249389648438
improper 21 19 41 23 50 34.978004455566406
improper 22 19 41 23 50 66.79985809326172
improper 45 43 60 47 50 35.970462799072266
improper 46 43 60 47 50 70.41075897216797
improper 64 62 79 66 50 34.892669677734375
improper 65 62 79 66 50 68.24239349365234
improper 83 81 98 85 50 34.912288665771484
improper 84 81 98 85 50 67.40581512451172
improper 102 100 117 104 50 36.8906364440918
improper 103 100 117 104 50 69.24149322509766
improper 128 126 134 130 50 36.577091217041016
improper 129 126 134 130 50 68.37561798095703
improper 140 136 148 142 50 35.954498291015625
improper 141 136 148 142 50 66.04132080078125
improper 159 157 165 161 50 35.15998840332031
improper 160 157 165 161 50 66.5288314819336
improper 176 174 194 178 50 34.29784393310547
improper 177 174 194 178 50 66.8794937133789
improper 205 203 215 207 50 34.801841735839844
improper 206 203 215 207 50 68.50724029541016
improper 219 217 232 221 50 34.37667465209961
improper 220 217 232 221 50 68.59666442871094
improper 236 234 242 238 50 35.8311653137207
improper 237 234 242 238 50 67.30619049072266
improper 246 244 259 248 50 34.25678634643555
improper 247 244 259 248 50 67.29344177246094
improper 263 261 279 265 50 34.15232849121094
improper 264 261 279 265 50 68.03092956542969
improper 283 281 298 285 50 34.48162078857422
improper 284 281 298 285 50 68.11996459960938
improper 302 300 315 304 50 34.83388137817383
improper 303 300 315 304 50 68.09668731689453
improper 319 317 330 321 50 34.05615997314453
improper 320 317 330 321 50 66.97260284423828
improper 334 332 352 336 50 35.5026741027832
improper 335 332 352 336 50 69.6823959350586
improper 356 354 373 358 50 34.868568420410156
improper 357 354 373 358 50 68.89540100097656
improper 384 382 399 386 50 33.737674713134766
improper 385 382 399 386 50 67.07636260986328
improper 405 401 413 407 50 36.04021072387695
improper 406 401 413 407 50 65.88885498046875
improper 417 415 430 419 50 35.619415283203125
improper 418 415 430 419 50 67.71385955810547
improper 434 432 449 436 50 34.91323471069336
improper 435 432 449 436 50 67.58536529541016
improper 453 451 460 455 50 34.8609733581543
improper 454 451 460 455 50 68.07791900634766
improper 464 462 474 466 50 33.54470443725586
improper 465 462 474 466 50 67.90579986572266
improper 485 483 493 487 50 34.52960205078125
improper 486 483 493 487 50 67.76927947998047
improper 497 495 510 499 50 34.662841796875
improper 498 495 510 499 50 68.0600814819336
improper 514 512 529 516 50 34.54694747924805
improper 515 512 529 516 50 67.84723663330078
improper 533 531 553 535 50 34.83146286010742
improper 534 531 553 535 50 67.13067626953125
improper 557 555 563 559 50 35.20938491821289
improper 558 555 563 559 50 66.61756896972656
improper 567 565 573 569 50 35.11859130859375
improper 568 565 573 569 50 66.97537994384766
improper 577 575 589 579 50 35.005714416503906
improper 578 575 589 579 50 67.49491119384766
improper 593 591 611 595 50 34.8206787109375
improper 594 591 611 595 50 68.3880844116211
improper 615 613 622 617 50 35.755558013916016
improper 616 613 622 617 50 70.50012969970703
improper 633 631 640 635 50 35.4073486328125
improper 634 631 640 635 50 68.35954284667969
improper 644 642 655 646 50 33.998291015625
improper 645 642 655 646 50 66.61856842041016
improper 659 657 674 661 50 33.89021682739258
improper 660 657 674 661 50 67.01525115966797
improper 685 683 703 687 50 34.46072769165039
improper 686 683 703 687 50 67.6243896484375
improper 707 705 720 709 50 35.227378845214844
improper 708 705 720 709 50 68.50848388671875
improper 724 722 730 726 50 35.036739349365234
improper 725 722 730 726 50 67.45655822753906
improper 734 732 752 736 50 35.059913635253906
improper 735 732 752 736 50 69.53607177734375
improper 756 754 764 758 50 35.085472106933594
improper 757 754 764 758 50 70.5483627319336
improper 768 766 783 770 50 35.455596923828125
improper 769 766 783 770 50 68.6587905883789
improper 787 785 800 789 50 34.56061553955078
improper 788 785 800 789 50 67.643798828125
improper 804 802 812 806 50 35.74257278442383
improper 805 802 812 806 50 69.77243041992188
improper 816 814 822 818 50 35.12128448486328
improper 817 814 822 818 50 66.83460235595703
improper 833 831 851 835 50 35.24289321899414
improper 834 831 851 835 50 69.1494369506836
improper 855 853 870 857 50 34.41909408569336
improper 856 853 870 857 50 67.37228393554688
improper 874 872 886 876 50 35.50186538696289
improper 875 872 886 876 50 67.12885284423828
improper 890 888 900 892 50 34.5059928894043
improper 891 888 900 892 50 68.38433074951172
improper 904 902 912 906 50 35.60715103149414
improper 905 902 912 906 50 69.14787292480469
improper 916 914 927 918 50 34.64799880981445
improper 917 914 927 918 50 66.89754486083984
improper 931 929 946 933 50 34.85221481323242
improper 932 929 946 933 50 68.86676025390625
improper 950 948 962 952 50 34.8841667175293
improper 951 948 962 952 50 67.89969635009766
improper 966 964 981 968 50 34.68699264526367
improper 967 964 981 968 50 68.13479614257812
improper 985 983 991 987 50 35.2164192199707
improper 986 983 991 987 50 66.9855728149414
improper 995 993 1010 997 50 35.98063659667969
improper 996 993 1010 997 50 69.9542007446289
improper 1014 1012 1026 1016 50 35.52051544189453
improper 1015 1012 1026 1016 50 68.66725158691406
improper 1030 1028 1048 1032 50 34.492637634277344
improper 1031 1028 1048 1032 50 67.65802001953125
improper 1052 1050 1063 1054 50 35.101585388183594
improper 1053 1050 1063 1054 50 68.0452880859375
improper 1067 1065 1087 1069 50 34.991111755371094
improper 1068 1065 1087 1069 50 68.12007904052734
improper 1091 1089 1106 1093 50 34.30178451538086
improper 1092 1089 1106 1093 50 67.96302795410156
improper 1110 1108 1116 1112 50 35.03539276123047
improper 1111 1108 1116 1112 50 67.58978271484375
improper 1120 1118 1133 1122 50 35.926025390625
improper 1121 1118 1133 1122 50 69.17496490478516
improper 1137 1135 1148 1139 50 34.41229248046875
improper 1138 1135 1148 1139 50 67.74240112304688
improper 1152 1150 1160 1154 50 34.55282974243164
improper 1153 1150 1160 1154 50 68.26069641113281
improper 1164 1162 1171 1166 50 34.35573196411133
improper 1165 1162 1171 1166 50 69.40069580078125
improper 1175 1173 1195 1177 50 33.67323303222656
improper 1176 1173 1195 1177 50 67.18704223632812
improper 1199 1197 1209 1201 50 33.740047454833984
improper 1200 1197 1209 1201 50 68.7032241821289
improper 1220 1218 1236 1222 50 35.12480545043945
improper 1221 1218 1236 1222 50 67.83515930175781
improper 1240 1238 1255 1242 50 35.919525146484375
improper 1241 1238 1255 1242 50 68.22504425048828
improper 1259 1257 1274 1261 50 34.532596588134766
improper 1260 1257 1274 1261 50 67.07379913330078
improper 1278 1276 1286 1280 50 35.56855392456055
improper 1279 1276 1286 1280 50 68.65917205810547
improper 1297 1295 1313 1299 50 34.93776321411133
improper 1298 1295 1313 1299 50 67.93202209472656
improper 1319 1315 1327 1321 50 36.696998596191406
improper 1320 1315 1327 1321 50 66.86492156982422
improper 1331 1329 1351 1333 50 36.096435546875
improper 1332 1329 1351 1333 50 68.36346435546875
improper 1355 1353 1365 1357 50 34.24710464477539
improper 1356 1353 1365 1357 50 67.69828033447266
improper 1369 1367 1384 1371 50 34.654666900634766
improper 1370 1367 1384 1371 50 68.07096862792969
improper 1390 1386 1398 1392 50 36.3419303894043
improper 1391 1386 1398 1392 50 66.88530731201172
improper 1402 1400 1415 1404 50 34.390533447265625
improper 1403 1400 1415 1404 50 67.17228698730469
improper 1419 1417 1425 1421 50 34.954376220703125
improper 1420 1417 1425 1421 50 66.22724151611328
improper 1429 1427 1437 1431 50 35.01221466064453
improper 1430 1427 1437 1431 50 69.0607681274414
improper 1441 1439 1447 1443 50 35.37201690673828
improper 1442 1439 1447 1443 50 67.3701400756836
improper 1451 1449 1464 1453 50 35.621341705322266
improper 1452 1449 1464 1453 50 68.63471221923828
improper 1468 1466 1486 1470 50 35.02586364746094
improper 1469 1466 1486 1470 50 67.48820495605469
improper 1490 1488 1501 1492 50 35.119842529296875
improper 1491 1488 1501 1492 50 68.78267669677734
improper 1505 1503 1511 1507 50 34.595760345458984
improper 1506 1503 1511 1507 50 67.03892517089844
improper 1522 1520 1537 1524 50 34.54654312133789
improper 1523 1520 1537 1524 50 67.4605941772461
improper 1541 1539 1551 1543 50 34.62599563598633
improper 1542 1539 1551 1543 50 67.16244506835938
improper 1555 1553 1567 1557 50 34.163211822509766
improper 1556 1553 1567 1557 50 66.4822006225586
improper 1571 1569 1579 1573 50 34.9898796081543
improper 1572 1569 1579 1573 50 69.63418579101562
improper 1583 1581 1600 1585 50 35.75010299682617
improper 1584 1581 1600 1585 50 69.21736145019531
improper 1604 1602 1616 1606 50 34.345680236816406
improper 1605 1602 1616 1606 50 65.91348266601562
improper 1620 1618 1635 1622 50 34.91680145263672
improper 1621 1618 1635 1622 50 67.53878784179688
improper 1639 1637 1650 1641 50 35.13394546508789
improper 1640 1637 1650 1641 50 66.78519439697266
improper 1654 1652 1670 1656 50 35.534324645996094
improper 1655 1652 1670 1656 50 68.22904205322266
improper 1674 1672 1682 1676 50 35.10905838012695
improper 1675 1672 1682 1676 50 69.5320053100586
improper 1686 1684 1698 1688 50 35.68555450439453
improper 1687 1684 1698 1688 50 67.72543334960938
improper 1704 1700 1712 1706 50 36.41173553466797
improper 1705 1700 1712 1706 50 66.79689025878906
improper 1716 1714 1724 1718 50 35.44862365722656
improper 1717 1714 1724 1718 50 70.23162078857422
improper 1728 1726 1739 1730 50 35.292720794677734
improper 1729 1726 1739 1730 50 68.50601196289062
improper 1743 1741 1758 1745 50 36.003475189208984
improper 1744 1741 1758 1745 50 69.54306030273438
improper 1762 1760 1777 1764 50 34.68383026123047
improper 1763 1760 1777 1764 50 69.06978607177734
improper 1781 1779 1793 1783 50 33.459285736083984
improper 1782 1779 1793 1783 50 66.52557373046875
improper 1797 1795 1805 1799 50 34.29662322998047
improper 1798 1795 1805 1799 50 68.96582794189453
improper 1809 1807 1829 1811 50 35.33294677734375
improper 1810 1807 1829 1811 50 67.80792236328125
improper 1833 1831 1848 1835 50 32.542572021484375
improper 1834 1831 1848 1835 50 67.3495864868164
improper 1852 1850 1864 1854 50 33.28605651855469
improper 1853 1850 1864 1854 50 66.5396499633789
improper 1875 1873 1895 1877 50 34.39419937133789
improper 1876 1873 1895 1877 50 67.50070190429688
improper 1899 1897 1919 1901 50 35.53549575805664
improper 1900 1897 1919 1901 50 67.13117218017578
improper 1923 1921 1935 1925 50 34.989967346191406
improper 1924 1921 1935 1925 50 68.00045013427734
improper 1939 1937 1952 1941 50 35.61165237426758
improper 1940 1937 1952 1941 50 67.35657501220703
improper 1956 1954 1962 1958 50 34.76235580444336
improper 1957 1954 1962 1958 50 67.80189514160156
improper 1968 1964 1976 1970 50 36.12995910644531
improper 1969 1964 1976 1970 50 66.16096496582031
improper 1980 1978 1987 1982 50 35.23324203491211
improper 1981 1978 1987 1982 50 69.51692199707031
improper 1998 1996 2018 2000 50 34.40584945678711
improper 1999 1996 2018 2000 50 66.49797821044922
improper 2022 2020 2034 2024 50 34.387237548828125
improper 2023 2020 2034 2024 50 67.6841049194336
improper 2038 2036 2055 2040 50 36.626895904541016
improper 2039 2036 2055 2040 50 70.05437469482422
improper 2059 2057 2072 2061 50 35.530250549316406
improper 2060 2057 2072 2061 50 67.50814819335938
improper 2076 2074 2088 2078 50 34.2939567565918
improper 2077 2074 2088 2078 50 68.5730972290039
improper 2092 2090 2110 2094 50 35.63044357299805
improper 2093 2090 2110 2094 50 69.19087982177734
improper 2114 2112 2130 2116 50 34.82067108154297
improper 2115 2112 2130 2116 50 69.38493347167969
improper 2134 2132 2144 2136 50 35.495567321777344
improper 2135 2132 2144 2136 50 68.53900909423828
improper 2150 2146 2158 2152 50 35.40243148803711
improper 2151 2146 2158 2152 50 65.73750305175781
improper 2164 2160 2172 2166 50 35.625701904296875
improper 2165 2160 2172 2166 50 65.39558410644531
improper 2176 2174 2194 2178 50 34.498924255371094
improper 2177 2174 2194 2178 50 67.1921157836914
improper 2198 2196 2210 2200 50 35.08546447753906
improper 2199 2196 2210 2200 50 66.6382827758789
improper 2214 2212 2225 2216 50 34.83372497558594
improper 2215 2212 2225 2216 50 68.22018432617188
improper 2236 2234 2254 2238 50 35.246498107910156
improper 2237 2234 2254 2238 50 67.81986999511719
improper 2258 2256 2266 2260 50 35.43177795410156
improper 2259 2256 2266 2260 50 68.46296691894531
improper 2270 2268 2278 2272 50 35.80612564086914
improper 2271 2268 2278 2272 50 70.59547424316406
improper 2282 2280 2294 2284 50 35.238800048828125
improper 2283 2280 2294 2284 50 68.76228332519531
improper 2298 2296 2308 2300 50 35.2835807800293
improper 2299 2296 2308 2300 50 70.32221984863281
improper 2319 2317 2330 2321 50 35.41001892089844
improper 2320 2317 2330 2321 50 68.22525024414062
improper 2334 2332 2345 2336 50 35.176246643066406
improper 2335 2332 2345 2336 50 67.65435028076172
improper 2349 2347 2364 2351 50 34.694480895996094
improper 2350 2347 2364 2351 50 67.5238037109375
improper 2368 2366 2378 2370 50 34.885894775390625
improper 2369 2366 2378 2370 50 68.35249328613281
improper 2382 2380 2392 2384 50 34.69306564331055
improper 2383 2380 2392 2384 50 68.46670532226562
improper 2396 2394 2416 2398 50 34.8669548034668
improper 2397 2394 2416 2398 50 67.33063507080078
improper 2420 2418 2438 2422 50 35.52647399902344
improper 2421 2418 2438 2422 50 68.6283950805664
improper 2442 2440 2450 2444 50 34.97236633300781
improper 2443 2440 2450 2444 50 68.80998229980469
improper 2454 2452 2462 2456 50 34.21725845336914
improper 2455 2452 2462 2456 50 67.93240356445312
improper 2466 2464 2479 2468 50 34.50617599487305
improper 2467 2464 2479 2468 50 66.48961639404297
improper 2483 2481 2494 2485 50 35.45802688598633
improper 2484 2481 2494 2485 50 68.7745590209961
improper 2498 2496 2509 2500 50 33.83872604370117
improper 2499 2496 2509 2500 50 67.47968292236328
improper 2513 2511 2523 2515 50 34.935428619384766
improper 2514 2511 2523 2515 50 68.84719848632812
improper 2527 2525 2539 2529 50 36.25950622558594
improper 2528 2525 2539 2529 50 68.74205780029297
improper 2543 2541 2563 2545 50 34.66433334350586
improper 2544 2541 2563 2545 50 67.9572982788086
improper 2567 2565 2585 2569 50 34.716835021972656
improper 2568 2565 2585 2569 50 67.70946502685547
improper 2589 2587 2609 2591 50 35.112239837646484
improper 2590 2587 2609 2591 50 68.01786041259766
improper 2613 2611 2628 2615 50 35.62562942504883
improper 2614 2611 2628 2615 50 69.81444549560547
improper 2632 2630 2644 2634 50 35.527442932128906
improper 2633 2630 2644 2634 50 68.4990005493164
improper 2648 2646 2659 2650 50 35.07002258300781
improper 2649 2646 2659 2650 50 67.05252838134766
improper 2663 2661 2680 2665 50 34.7134895324707
improper 2664 2661 2680 2665 50 67.90959930419922
improper 2684 2682 2697 2686 50 34.340885162353516
improper 2685 2682 2697 2686 50 67.42591857910156
improper 2701 2699 2714 2703 50 34.826778411865234
improper 2702 2699 2714 2703 50 68.7487564086914
improper 2718 2716 2731 2720 50 35.929443359375
improper 2719 2716 2731 2720 50 70.02984619140625
improper 2735 2733 2745 2737 50 34.709014892578125
improper 2736 2733 2745 2737 50 69.00800323486328
improper 2749 2747 2755 2751 50 35.243064880371094
improper 2750 2747 2755 2751 50 67.469970703125
improper 2761 2757 2769 2763 50 35.924598693847656
improper 2762 2757 2769 2763 50 66.51141357421875
improper 2773 2771 2788 2775 50 34.37153244018555
improper 2774 2771 2788 2775 50 67.69587707519531
improper 2792 2790 2807 2794 50 34.162254333496094
improper 2793 2790 2807 2794 50 67.37579345703125
improper 2818 2816 2835 2820 50 34.91228485107422
improper 2819 2816 2835 2820 50 68.65799713134766
improper 2839 2837 2856 2841 50 35.1710205078125
improper 2840 2837 2856 2841 50 69.01144409179688
improper 2860 2858 2867 2862 50 35.326568603515625
improper 2861 2858 2867 2862 50 68.1263198852539
improper 2871 2869 2889 2873 50 35.04165267944336
improper 2872 2869 2889 2873 50 68.79602813720703
improper 2893 2891 2904 2895 50 35.194923400878906
improper 2894 2891 2904 2895 50 67.6964111328125
improper 2908 2906 2914 2910 50 35.7236328125
improper 2909 2906 2914 2910 50 67.5050277709961
improper 2918 2916 2929 2920 50 35.299102783203125
improper 2919 2916 2929 2920 50 68.287841796875
improper 2933 2931 2939 2935 50 34.913116455078125
improper 2934 2931 2939 2935 50 67.44124603271484
improper 2950 2948 2960 2952 50 34.73356246948242
improper 2951 2948 2960 2952 50 69.85015106201172
improper 2964 2962 2974 2966 50 35.13334655761719
improper 2965 2962 2974 2966 50 68.36003875732422
improper 2978 2976 2996 2980 50 34.84526443481445
improper 2979 2976 2996 2980 50 66.92241668701172
improper 3000 2998 3017 3002 50 35.106300354003906
improper 3001 2998 3017 3002 50 67.1501693725586
improper 3021 3019 3027 3023 50 35.31553649902344
improper 3022 3019 3027 3023 50 66.23255920410156
improper 3031 3029 3049 3033 50 34.89545440673828
improper 3032 3029 3049 3033 50 67.65200805664062
improper 3053 3051 3065 3055 50 33.9946403503418
improper 3054 3051 3065 3055 50 66.16616821289062
improper 3069 3067 3077 3071 50 35.220733642578125
improper 3070 3067 3077 3071 50 68.68413543701172
improper 3088 3086 3098 3090 50 33.4852180480957
improper 3089 3086 3098 3090 50 68.24577331542969
improper 3102 3100 3120 3104 50 34.990264892578125
improper 3103 3100 3120 3104 50 67.645751953125
improper 3126 3122 3134 3128 50 36.34868621826172
improper 3127 3122 3134 3128 50 66.33958435058594
improper 3138 3136 3150 3140 50 35.17198181152344
improper 3139 3136 3150 3140 50 67.5878677368164
improper 3154 3152 3160 3156 50 35.21623611450195
improper 3155 3152 3160 3156 50 67.67473602294922
improper 3164 3162 3175 3166 50 34.90727233886719
improper 3165 3162 3175 3166 50 67.5547103881836
improper 3179 3177 3191 3181 50 35.15795135498047
improper 3180 3177 3191 3181 50 66.90663146972656
improper 3195 3193 3215 3197 50 35.12816619873047
improper 3196 3193 3215 3197 50 68.10254669189453
improper 3219 3217 3225 3221 50 35.33585739135742
improper 3220 3217 3225 3221 50 67.87101745605469
improper 3229 3227 3237 3231 50 34.31378936767578
improper 3230 3227 3237 3231 50 67.90702819824219
improper 3241 3239 3256 3243 50 34.603904724121094
improper 3242 3239 3256 3243 50 67.98516082763672
improper 3260 3258 3271 3262 50 34.762264251708984
improper 3261 3258 3271 3262 50 67.35897064208984
improper 3275 3273 3293 3277 50 34.7175178527832
improper 3276 3273 3293 3277 50 68.48052215576172
improper 3297 3295 3312 3299 50 35.0580940246582
improper 3298 3295 3312 3299 50 68.82321166992188
improper 3316 3314 3331 3318 50 34.56158447265625
improper 3317 3314 3331 3318 50 69.4734878540039
improper 207 205 209 211 50 33.28498077392578
improper 208 205 209 211 50 66.4244155883789
improper 466 464 468 470 50 36.57150650024414
improper 467 464 468 470 50 70.90078735351562
improper 892 890 894 896 50 36.85713577270508
improper 893 890 894 896 50 70.77051544189453
improper 1357 1355 1359 1361 50 31.1717472076416
improper 1358 1355 1359 1361 50 64.18000793457031
improper 2300 2298 2302 2304 50 33.024681091308594
improper 2301 2298 2302 2304 50 66.69454956054688
improper 2370 2368 2372 2374 50 38.20973587036133
improper 2371 2368 2372 2374 50 72.45053100585938
improper 2384 2382 2386 2388 50 37.7222785949707
improper 2385 2382 2386 2388 50 71.50676727294922
improper 2515 2513 2517 2519 50 31.87343978881836
improper 2516 2513 2517 2519 50 65.03516387939453
improper 2737 2735 2739 2741 50 31.751035690307617
improper 2738 2735 2739 2741 50 64.88444519042969
improper 2966 2964 2968 2970 50 32.54829025268555
improper 2967 2964 2968 2970 50 65.5604248046875
improper 3090 3088 3092 3094 50 35.303672790527344
improper 3091 3088 3092 3094 50 69.41923522949219
improper 47 45 53 49 50 34.1147575378418
improper 48 45 53 49 50 68.93812561035156
improper 66 64 72 68 50 35.58416748046875
improper 67 64 72 68 50 70.50092315673828
improper 285 283 291 287 50 32.439083099365234
improper 286 283 291 287 50 66.46285247802734
improper 386 384 392 388 50 37.419044494628906
improper 387 384 392 388 50 73.33748626708984
improper 436 434 442 438 50 31.01590919494629
improper 437 434 442 438 50 65.37248992919922
improper 770 768 776 772 50 36.1234016418457
improper 771 768 776 772 50 71.35003662109375
improper 968 966 974 970 50 34.082366943359375
improper 969 966 974 970 50 68.84490966796875
improper 1093 1091 1099 1095 50 32.577049255371094
improper 1094 1091 1099 1095 50 66.68402099609375
improper 1371 1369 1377 1373 50 35.81770706176758
improper 1372 1369 1377 1373 50 71.43109893798828
improper 1524 1522 1530 1526 50 35.331539154052734
improper 1525 1522 1530 1526 50 70.88548278808594
improper 1764 1762 1770 1766 50 37.43147659301758
improper 1765 1762 1770 1766 50 72.79411315917969
improper 1835 1833 1841 1837 50 33.76644515991211
improper 1836 1833 1841 1837 50 67.57393646240234
improper 2794 2792 2800 2796 50 33.11574172973633
improper 2795 2792 2800 2796 50 67.56080627441406
improper 3299 3297 3305 3301 50 32.66420364379883
improper 3300 3297 3305 3301 50 67.27518463134766
