bond 3274 3226 20.0 2.3133623600006104
angle 3273 3274 3226 20.0 158.35992431640625
bond 3218 3161 20.0 1.9945942163467407
angle 3217 3218 3161 20.0 157.4155731201172
bond 3228 3176 20.0 2.1974408626556396
angle 3227 3228 3176 20.0 145.7391357421875
bond 3194 3151 20.0 1.911693811416626
angle 3193 3194 3151 20.0 159.39590454101562
bond 3259 3216 20.0 2.2395999431610107
angle 3258 3259 3216 20.0 147.24435424804688
bond 3240 3192 20.0 2.1850664615631104
angle 3239 3240 3192 20.0 166.4527130126953
bond 3052 1651 20.0 1.844431757926941
angle 3051 3052 1651 20.0 158.06802368164062
bond 1673 3066 20.0 2.041973352432251
angle 1672 1673 3066 20.0 166.0368194580078
bond 1761 1725 20.0 2.216143846511841
angle 1760 1761 1725 20.0 177.5328369140625
bond 1808 1759 20.0 2.4009528160095215
angle 1807 1808 1759 20.0 162.3054962158203
bond 3315 3257 20.0 2.139326572418213
angle 3314 3315 3257 20.0 148.78150939941406
bond 1638 3028 20.0 1.9623053073883057
angle 1637 1638 3028 20.0 159.7347869873047
bond 1653 118 20.0 1.9162076711654663
angle 1652 1653 118 20.0 162.42880249023438
bond 2037 1920 20.0 1.83271062374115
angle 2036 2037 1920 20.0 161.8346710205078
bond 1898 2056 20.0 2.10139799118042
angle 1897 1898 2056 20.0 168.35731506347656
bond 1832 1778 20.0 2.0451292991638184
angle 1831 1832 1778 20.0 162.83035278320312
bond 1874 1849 20.0 2.1389007568359375
angle 1873 1874 1849 20.0 166.64772033691406
bond 3020 1617 20.0 1.9921163320541382
angle 3019 3020 1617 20.0 151.1565704345703
bond 355 299 20.0 1.9131561517715454
angle 354 355 299 20.0 145.99630737304688
bond 333 280 20.0 2.000131130218506
angle 332 333 280 20.0 159.7008056640625
bond 101 1636 20.0 1.7887195348739624
angle 100 101 1636 20.0 161.99122619628906
bond 1619 80 20.0 1.9758754968643188
angle 1618 1619 80 20.0 159.1536865234375
bond 318 260 20.0 2.1200170516967773
angle 317 318 260 20.0 156.92962646484375
bond 282 233 20.0 2.0424187183380127
angle 281 282 233 20.0 157.94219970703125
bond 235 195 20.0 1.9517604112625122
angle 234 235 195 20.0 148.44427490234375
bond 245 202 20.0 2.3600478172302246
angle 244 245 202 20.0 152.1588897705078
bond 2612 2540 20.0 1.9428880214691162
angle 2611 2612 2540 20.0 151.97535705566406
bond 2542 2495 20.0 2.1449038982391357
angle 2541 2542 2495 20.0 155.57081604003906
bond 2932 2890 20.0 2.3468525409698486
angle 2931 2932 2890 20.0 145.30299377441406
bond 2917 2868 20.0 2.0880298614501953
angle 2916 2917 2868 20.0 156.29832458496094
bond 1582 42 20.0 2.344871997833252
angle 1581 1582 42 20.0 148.22232055664062
bond 1603 2997 20.0 1.9396828413009644
angle 1602 1603 2997 20.0 156.5771942138672
bond 2859 2808 20.0 2.0783627033233643
angle 2858 2859 2808 20.0 148.84674072265625
bond 2870 2815 20.0 1.9271585941314697
angle 2869 2870 2815 20.0 173.10537719726562
bond 63 1601 20.0 1.9929176568984985
angle 62 63 1601 20.0 153.2577667236328
bond 82 1275 20.0 2.032606601715088
angle 81 82 1275 20.0 168.7606201171875
bond 2791 2756 20.0 2.093472719192505
angle 2790 2791 2756 20.0 165.8382110595703
bond 2838 2789 20.0 2.069972038269043
angle 2837 2838 2789 20.0 174.77639770507812
bond 301 243 20.0 1.9630364179611206
angle 300 301 243 20.0 165.8380126953125
bond 2748 2681 20.0 1.860762357711792
angle 2747 2748 2681 20.0 162.88546752929688
bond 2734 2681 20.0 2.0416648387908936
angle 2733 2734 2681 20.0 154.89390563964844
bond 2683 2629 20.0 2.1054141521453857
angle 2682 2683 2629 20.0 150.23321533203125
bond 2700 2645 20.0 1.9973927736282349
angle 2699 2700 2645 20.0 154.1991424560547
bond 2662 2610 20.0 1.997668981552124
angle 2661 2662 2610 20.0 156.8609619140625
bond 2631 2564 20.0 2.216348886489868
angle 2630 2631 2564 20.0 165.85064697265625
bond 1938 2019 20.0 1.887837290763855
angle 1937 1938 2019 20.0 165.15676879882812
bond 2588 2524 20.0 1.9925918579101562
angle 2587 2588 2524 20.0 157.57289123535156
bond 2647 2586 20.0 2.2208261489868164
angle 2646 2647 2586 20.0 158.53494262695312
bond 2566 2510 20.0 2.2231080532073975
angle 2565 2566 2510 20.0 156.89732360839844
bond 44 1237 20.0 2.17985463142395
angle 43 44 1237 20.0 150.27896118164062
bond 2817 2770 20.0 2.194145917892456
angle 2816 2817 2770 20.0 165.4722137451172
bond 1258 61 20.0 1.8186076879501343
angle 1257 1258 61 20.0 166.11692810058594
bond 433 1256 20.0 1.827825903892517
angle 432 433 1256 20.0 176.4916229248047
bond 1277 450 20.0 2.089510679244995
angle 1276 1277 450 20.0 170.0441436767578
bond 2772 2746 20.0 1.8397356271743774
angle 2771 2772 2746 20.0 164.1324005126953
bond 2717 2660 20.0 2.0374510288238525
angle 2716 2717 2660 20.0 150.02923583984375
bond 496 461 20.0 1.8439714908599854
angle 495 496 461 20.0 169.01889038085938
bond 532 482 20.0 1.9724955558776855
angle 531 532 482 20.0 171.8874053955078
bond 556 494 20.0 2.0429208278656006
angle 555 556 494 20.0 165.6661376953125
bond 803 753 20.0 2.35402250289917
angle 802 803 753 20.0 156.80722045898438
bond 1467 1426 20.0 2.1927356719970703
angle 1466 1467 1426 20.0 154.61508178710938
bond 1450 1416 20.0 2.367643117904663
angle 1449 1450 1416 20.0 155.25100708007812
bond 1428 1385 20.0 1.8521078824996948
angle 1427 1428 1385 20.0 164.99375915527344
bond 513 475 20.0 1.9478827714920044
angle 512 513 475 20.0 155.83360290527344
bond 566 511 20.0 1.9793223142623901
angle 565 566 511 20.0 166.14944458007812
bond 576 530 20.0 2.0209686756134033
angle 575 576 530 20.0 159.0088348388672
bond 592 554 20.0 1.926309585571289
angle 591 592 554 20.0 155.0340576171875
bond 786 731 20.0 2.0314362049102783
angle 785 786 731 20.0 167.5139923095703
bond 1489 1438 20.0 1.9544353485107422
angle 1488 1489 1438 20.0 148.98043823242188
bond 1440 1399 20.0 1.987964391708374
angle 1439 1440 1399 20.0 158.8672637939453
bond 1090 1027 20.0 1.9683144092559814
angle 1089 1090 1027 20.0 162.2583770751953
bond 1066 1011 20.0 2.1474921703338623
angle 1065 1066 1011 20.0 149.65826416015625
bond 1013 963 20.0 2.156982183456421
angle 1012 1013 963 20.0 161.74537658691406
bond 965 913 20.0 1.8559201955795288
angle 964 965 913 20.0 168.01852416992188
bond 614 564 20.0 1.8670812845230103
angle 613 614 564 20.0 158.9292449951172
bond 733 704 20.0 2.318624973297119
angle 732 733 704 20.0 172.22042846679688
bond 1051 992 20.0 2.2219064235687256
angle 1050 1051 992 20.0 161.4195098876953
bond 1029 982 20.0 2.014496326446533
angle 1028 1029 982 20.0 164.09945678710938
bond 994 947 20.0 2.2078001499176025
angle 993 994 947 20.0 159.45506286621094
bond 984 928 20.0 2.3681716918945312
angle 983 984 928 20.0 156.6748809814453
dihedral 17 19 21 41 200 -118.23737335205078
dihedral 19 21 41 43 200 127.34439849853516
dihedral 1579 1581 1583 1600 200 -138.81675720214844
dihedral 1581 1583 1600 1602 200 138.79339599609375
dihedral 1600 1602 1604 1616 200 -116.11243438720703
dihedral 1602 1604 1616 1618 200 127.66947174072266
dihedral 1616 1618 1620 1635 200 -119.09886932373047
dihedral 1618 1620 1635 1637 200 123.59093475341797
dihedral 1635 1637 1639 1650 200 -101.10933685302734
dihedral 1637 1639 1650 1652 200 128.62698364257812
dihedral 1650 1652 1654 1670 200 -101.87804412841797
dihedral 1652 1654 1670 1672 200 106.55404663085938
dihedral 1670 1672 1674 1682 200 -93.05220794677734
dihedral 1672 1674 1682 1684 200 126.54569244384766
dihedral 1712 1714 1716 1724 200 -51.10312271118164
dihedral 1714 1716 1724 1726 200 -34.8467903137207
dihedral 1724 1726 1728 1739 200 -67.86438751220703
dihedral 1726 1728 1739 1741 200 -19.354707717895508
dihedral 1739 1741 1743 1758 200 -87.05693817138672
dihedral 1741 1743 1758 1760 200 -11.865069389343262
dihedral 1758 1760 1762 1777 200 -72.39633178710938
dihedral 1760 1762 1777 1779 200 -46.60969161987305
dihedral 1777 1779 1781 1793 200 -60.04945373535156
dihedral 1779 1781 1793 1795 200 -42.053646087646484
dihedral 1793 1795 1797 1805 200 -69.958251953125
dihedral 1795 1797 1805 1807 200 -29.7576904296875
dihedral 1805 1807 1809 1829 200 -60.00955581665039
dihedral 1807 1809 1829 1831 200 -51.235862731933594
dihedral 1829 1831 1833 1848 200 -70.80781555175781
dihedral 1831 1833 1848 1850 200 -24.305723190307617
dihedral 172 174 176 194 200 -69.9743881225586
dihedral 174 176 194 196 200 -52.163230895996094
dihedral 1848 1850 1852 1864 200 -76.50858306884766
dihedral 1850 1852 1864 1866 200 -23.09898567199707
dihedral 1864 1866 1868 1871 200 -89.90113067626953
dihedral 1866 1868 1871 1873 200 2.5026516914367676
dihedral 1871 1873 1875 1895 200 -76.94429779052734
dihedral 1873 1875 1895 1897 200 138.4712371826172
dihedral 1895 1897 1899 1919 200 -137.519287109375
dihedral 1897 1899 1919 1921 200 139.20045471191406
dihedral 1919 1921 1923 1935 200 -128.92076110839844
dihedral 1921 1923 1935 1937 200 152.849853515625
dihedral 1935 1937 1939 1952 200 -97.77701568603516
dihedral 1937 1939 1952 1954 200 100.66818237304688
dihedral 1952 1954 1956 1962 200 -62.25615692138672
dihedral 1954 1956 1962 1964 200 -40.0671272277832
dihedral 1962 1964 1968 1976 200 -58.61384963989258
dihedral 1964 1968 1976 1978 200 -33.6494026184082
dihedral 1976 1978 1980 1987 200 -106.99958038330078
dihedral 1978 1980 1987 1989 200 -16.006105422973633
dihedral 194 196 198 201 200 -60.179534912109375
dihedral 196 198 201 203 200 -39.73255157470703
dihedral 1994 1996 1998 2018 200 -70.457275390625
dihedral 1996 1998 2018 2020 200 142.7032470703125
dihedral 2018 2020 2022 2034 200 -124.5025634765625
dihedral 2020 2022 2034 2036 200 141.10296630859375
dihedral 2034 2036 2038 2055 200 -129.93431091308594
dihedral 2036 2038 2055 2057 200 168.44522094726562
dihedral 2055 2057 2059 2072 200 -135.55563354492188
dihedral 2057 2059 2072 2074 200 129.79147338867188
dihedral 201 203 205 215 200 -61.69561004638672
dihedral 203 205 215 217 200 -47.54092788696289
dihedral 215 217 219 232 200 -72.88896179199219
dihedral 217 219 232 234 200 -26.517284393310547
dihedral 232 234 236 242 200 -61.553855895996094
dihedral 234 236 242 244 200 -42.373756408691406
dihedral 2479 2481 2483 2494 200 -43.15187072753906
dihedral 2481 2483 2494 2496 200 -47.430198669433594
dihedral 2494 2496 2498 2509 200 -75.29328918457031
dihedral 2496 2498 2509 2511 200 -33.19929504394531
dihedral 2509 2511 2513 2523 200 -70.16980743408203
dihedral 2511 2513 2523 2525 200 -36.460323333740234
dihedral 2523 2525 2527 2539 200 -61.56941604614258
dihedral 2525 2527 2539 2541 200 -42.37090301513672
dihedral 2539 2541 2543 2563 200 -59.90571212768555
dihedral 2541 2543 2563 2565 200 -40.911041259765625
dihedral 2563 2565 2567 2585 200 -64.28253173828125
dihedral 2565 2567 2585 2587 200 -45.476192474365234
dihedral 2585 2587 2589 2609 200 -61.119361877441406
dihedral 2587 2589 2609 2611 200 -37.542259216308594
dihedral 2609 2611 2613 2628 200 -61.64521789550781
dihedral 2611 2613 2628 2630 200 -42.53095245361328
dihedral 2628 2630 2632 2644 200 -59.76945495605469
dihedral 2630 2632 2644 2646 200 -44.18706512451172
dihedral 2644 2646 2648 2659 200 -69.10254669189453
dihedral 2646 2648 2659 2661 200 -36.294700622558594
dihedral 242 244 246 259 200 -58.5693244934082
dihedral 244 246 259 261 200 -39.590980529785156
dihedral 2659 2661 2663 2680 200 -59.32749557495117
dihedral 2661 2663 2680 2682 200 -49.3853874206543
dihedral 2680 2682 2684 2697 200 -69.35553741455078
dihedral 2682 2684 2697 2699 200 -33.405513763427734
dihedral 2697 2699 2701 2714 200 -73.28036499023438
dihedral 2699 2701 2714 2716 200 -42.76548385620117
dihedral 2714 2716 2718 2731 200 -112.95228576660156
dihedral 2716 2718 2731 2733 200 -31.024276733398438
dihedral 2731 2733 2735 2745 200 -105.18948364257812
dihedral 2733 2735 2745 2747 200 -39.7089729309082
dihedral 2745 2747 2749 2755 200 -49.14168167114258
dihedral 2747 2749 2755 2757 200 -31.39811134338379
dihedral 2755 2757 2761 2769 200 -61.827999114990234
dihedral 2757 2761 2769 2771 200 -20.8043270111084
dihedral 2769 2771 2773 2788 200 -65.8859634399414
dihedral 2771 2773 2788 2790 200 -20.312938690185547
dihedral 2788 2790 2792 2807 200 -64.24365997314453
dihedral 2790 2792 2807 2809 200 -45.50739669799805
dihedral 2807 2809 2811 2814 200 -70.58578491210938
dihedral 2809 2811 2814 2816 200 -39.103538513183594
dihedral 259 261 263 279 200 -67.69383239746094
dihedral 261 263 279 281 200 -45.25221633911133
dihedral 2814 2816 2818 2835 200 -50.61020278930664
dihedral 2816 2818 2835 2837 200 -59.20920944213867
dihedral 2835 2837 2839 2856 200 -78.21306610107422
dihedral 2837 2839 2856 2858 200 -24.999757766723633
dihedral 2856 2858 2860 2867 200 -66.16279602050781
dihedral 2858 2860 2867 2869 200 -43.96726608276367
dihedral 2867 2869 2871 2889 200 -56.71803665161133
dihedral 2869 2871 2889 2891 200 -39.00507736206055
dihedral 2889 2891 2893 2904 200 -61.320980072021484
dihedral 2891 2893 2904 2906 200 -41.242488861083984
dihedral 2904 2906 2908 2914 200 -68.98079681396484
dihedral 2906 2908 2914 2916 200 -35.41122817993164
dihedral 2914 2916 2918 2929 200 -60.01137924194336
dihedral 2916 2918 2929 2931 200 -36.42494201660156
dihedral 2929 2931 2933 2939 200 -80.35327911376953
dihedral 2931 2933 2939 2941 200 -1.5957489013671875
dihedral 279 281 283 298 200 -63.42647171020508
dihedral 281 283 298 300 200 -41.061737060546875
dihedral 2974 2976 2978 2996 200 -101.63207244873047
dihedral 2976 2978 2996 2998 200 143.24505615234375
dihedral 2996 2998 3000 3017 200 -122.97858428955078
dihedral 2998 3000 3017 3019 200 130.6363525390625
dihedral 3017 3019 3021 3027 200 -136.06640625
dihedral 3019 3021 3027 3029 200 132.15255737304688
dihedral 3027 3029 3031 3049 200 -97.21633911132812
dihedral 3029 3031 3049 3051 200 134.45278930664062
dihedral 3049 3051 3053 3065 200 -124.08319854736328
dihedral 3051 3053 3065 3067 200 149.36485290527344
dihedral 3065 3067 3069 3077 200 -79.27069854736328
dihedral 3067 3069 3077 3079 200 99.24282836914062
dihedral 41 43 45 60 200 -131.37387084960938
dihedral 43 45 60 62 200 133.1566619873047
dihedral 298 300 302 315 200 -60.78199005126953
dihedral 300 302 315 317 200 -47.231929779052734
dihedral 3134 3136 3138 3150 200 -44.391483306884766
dihedral 3136 3138 3150 3152 200 -56.80399703979492
dihedral 3150 3152 3154 3160 200 -60.44406509399414
dihedral 3152 3154 3160 3162 200 -32.78001403808594
dihedral 3160 3162 3164 3175 200 -71.16033172607422
dihedral 3162 3164 3175 3177 200 -41.25480651855469
dihedral 3175 3177 3179 3191 200 -61.52019119262695
dihedral 3177 3179 3191 3193 200 -42.18242645263672
dihedral 3191 3193 3195 3215 200 -59.303855895996094
dihedral 3193 3195 3215 3217 200 -43.329769134521484
dihedral 3215 3217 3219 3225 200 -63.60714340209961
dihedral 3217 3219 3225 3227 200 -34.89877700805664
dihedral 3225 3227 3229 3237 200 -66.7109375
dihedral 3227 3229 3237 3239 200 -38.571937561035156
dihedral 3237 3239 3241 3256 200 -62.98478698730469
dihedral 3239 3241 3256 3258 200 -43.281761169433594
dihedral 3256 3258 3260 3271 200 -61.228553771972656
dihedral 3258 3260 3271 3273 200 -37.268123626708984
dihedral 315 317 319 330 200 -72.09242248535156
dihedral 317 319 330 332 200 -33.87766647338867
dihedral 3271 3273 3275 3293 200 -58.404422760009766
dihedral 3273 3275 3293 3295 200 -38.193538665771484
dihedral 3293 3295 3297 3312 200 -74.66407012939453
dihedral 3295 3297 3312 3314 200 -40.1428108215332
dihedral 3312 3314 3316 3331 200 -99.64898681640625
dihedral 3314 3316 3331 3333 200 -18.549936294555664
dihedral 330 332 334 352 200 -82.89884948730469
dihedral 332 334 352 354 200 -28.341821670532227
dihedral 352 354 356 373 200 -117.76726531982422
dihedral 354 356 373 375 200 5.344421863555908
dihedral 413 415 417 430 200 -88.33853149414062
dihedral 415 417 430 432 200 120.94718933105469
dihedral 430 432 434 449 200 -106.19292449951172
dihedral 432 434 449 451 200 99.38081359863281
dihedral 449 451 453 460 200 -111.84918975830078
dihedral 451 453 460 462 200 117.0842056274414
dihedral 60 62 64 79 200 -102.32396697998047
dihedral 62 64 79 81 200 132.89694213867188
dihedral 460 462 464 474 200 -69.66085052490234
dihedral 462 464 474 476 200 -35.626956939697266
dihedral 474 476 478 481 200 -58.569881439208984
dihedral 476 478 481 483 200 -41.62630081176758
dihedral 481 483 485 493 200 -68.5884780883789
dihedral 483 485 493 495 200 -47.744964599609375
dihedral 493 495 497 510 200 -58.87740707397461
dihedral 495 497 510 512 200 -39.23253631591797
dihedral 510 512 514 529 200 -74.45401000976562
dihedral 512 514 529 531 200 -41.040382385253906
dihedral 529 531 533 553 200 -62.102943420410156
dihedral 531 533 553 555 200 -37.61726760864258
dihedral 553 555 557 563 200 -62.51223373413086
dihedral 555 557 563 565 200 -52.24214172363281
dihedral 563 565 567 573 200 -56.388458251953125
dihedral 565 567 573 575 200 -40.76566696166992
dihedral 573 575 577 589 200 -64.86082458496094
dihedral 575 577 589 591 200 -42.164459228515625
dihedral 589 591 593 611 200 -71.2407455444336
dihedral 591 593 611 613 200 -35.24137878417969
dihedral 79 81 83 98 200 -101.0990982055664
dihedral 81 83 98 100 200 127.27275085449219
dihedral 611 613 615 622 200 -81.41100311279297
dihedral 613 615 622 624 200 -11.298995018005371
dihedral 681 683 685 703 200 -59.344078063964844
dihedral 683 685 703 705 200 -21.051523208618164
dihedral 703 705 707 720 200 -66.115478515625
dihedral 705 707 720 722 200 -16.130830764770508
dihedral 720 722 724 730 200 -75.72908782958984
dihedral 722 724 730 732 200 -11.664334297180176
dihedral 730 732 734 752 200 -44.60931396484375
dihedral 732 734 752 754 200 -56.571868896484375
dihedral 98 100 102 117 200 -120.29904174804688
dihedral 100 102 117 119 200 143.1982421875
dihedral 752 754 756 764 200 -74.40690612792969
dihedral 754 756 764 766 200 -30.663915634155273
dihedral 764 766 768 783 200 -64.03134155273438
dihedral 766 768 783 785 200 -53.473716735839844
dihedral 783 785 787 800 200 -61.69572067260742
dihedral 785 787 800 802 200 -35.83218765258789
dihedral 800 802 804 812 200 -61.01039123535156
dihedral 802 804 812 814 200 -38.81670379638672
dihedral 812 814 816 822 200 -78.84125518798828
dihedral 814 816 822 824 200 -12.379618644714355
dihedral 900 902 904 912 200 -58.860164642333984
dihedral 902 904 912 914 200 -44.30876541137695
dihedral 912 914 916 927 200 -55.59709930419922
dihedral 914 916 927 929 200 -39.30326461791992
dihedral 927 929 931 946 200 -69.43058013916016
dihedral 929 931 946 948 200 -48.92237854003906
dihedral 946 948 950 962 200 -67.1124267578125
dihedral 948 950 962 964 200 -38.102378845214844
dihedral 962 964 966 981 200 -62.7891731262207
dihedral 964 966 981 983 200 -37.40999221801758
dihedral 981 983 985 991 200 -61.109893798828125
dihedral 983 985 991 993 200 -49.090240478515625
dihedral 991 993 995 1010 200 -55.010074615478516
dihedral 993 995 1010 1012 200 -45.30394744873047
dihedral 1010 1012 1014 1026 200 -69.17681121826172
dihedral 1012 1014 1026 1028 200 -41.236000061035156
dihedral 1026 1028 1030 1048 200 -62.630130767822266
dihedral 1028 1030 1048 1050 200 -39.265846252441406
dihedral 1048 1050 1052 1063 200 -60.05307388305664
dihedral 1050 1052 1063 1065 200 -45.68635940551758
dihedral 1063 1065 1067 1087 200 -71.2378158569336
dihedral 1065 1067 1087 1089 200 -39.76194381713867
dihedral 1087 1089 1091 1106 200 -62.728240966796875
dihedral 1089 1091 1106 1108 200 -25.41280174255371
dihedral 1106 1108 1110 1116 200 -72.22354888916016
dihedral 1108 1110 1116 1118 200 -18.512521743774414
dihedral 1216 1218 1220 1236 200 -172.13275146484375
dihedral 1218 1220 1236 1238 200 161.27809143066406
dihedral 1236 1238 1240 1255 200 -116.56306457519531
dihedral 1238 1240 1255 1257 200 121.19847106933594
dihedral 1255 1257 1259 1274 200 -94.15380859375
dihedral 1257 1259 1274 1276 200 113.71772003173828
dihedral 1274 1276 1278 1286 200 -115.12186431884766
dihedral 1276 1278 1286 1288 200 107.24543762207031
dihedral 1365 1367 1369 1384 200 -64.26298522949219
dihedral 1367 1369 1384 1386 200 -45.30415344238281
dihedral 1384 1386 1390 1398 200 -49.53064727783203
dihedral 1386 1390 1398 1400 200 -41.786766052246094
dihedral 1398 1400 1402 1415 200 -68.84447479248047
dihedral 1400 1402 1415 1417 200 -32.09544372558594
dihedral 1415 1417 1419 1425 200 -73.13429260253906
dihedral 1417 1419 1425 1427 200 -43.1226921081543
dihedral 1425 1427 1429 1437 200 -57.026790618896484
dihedral 1427 1429 1437 1439 200 -42.9073600769043
dihedral 1437 1439 1441 1447 200 -57.7326774597168
dihedral 1439 1441 1447 1449 200 -40.205509185791016
dihedral 1447 1449 1451 1464 200 -62.50529479980469
dihedral 1449 1451 1464 1466 200 -40.03333282470703
dihedral 1464 1466 1468 1486 200 -59.65396499633789
dihedral 1466 1468 1486 1488 200 -68.25484466552734
dihedral 1486 1488 1490 1501 200 -38.62064743041992
dihedral 1488 1490 1501 1503 200 -39.12944030761719
dihedral 1501 1503 1505 1511 200 -86.63154602050781
dihedral 1503 1505 1511 1513 200 5.294163703918457
